../03_mini_VOC2012/train_images/2007_000033.jpg 9,107,499,263,0 421,200,482,226,0 325,188,411,223,0
../03_mini_VOC2012/train_images/2007_000243.jpg 181,127,274,193,0
../03_mini_VOC2012/train_images/2007_000464.jpg 71,252,216,314,9 58,202,241,295,9
../03_mini_VOC2012/train_images/2007_000645.jpg 135,46,500,374,2 124,146,365,375,2
../03_mini_VOC2012/train_images/2007_000925.jpg 29,101,216,343,16 309,105,460,333,16
../03_mini_VOC2012/train_images/2007_001299.jpg 39,26,229,412,9 211,240,319,408,9 318,221,408,435,9
../03_mini_VOC2012/train_images/2007_001458.jpg 106,121,392,299,17
../03_mini_VOC2012/train_images/2007_001627.jpg 104,7,280,475,14
../03_mini_VOC2012/train_images/2007_002046.jpg 277,143,454,423,12 1,67,269,433,12
../03_mini_VOC2012/train_images/2007_002212.jpg 42,72,459,247,2
../03_mini_VOC2012/train_images/2007_002361.jpg 21,199,148,486,15 294,296,375,500,14
../03_mini_VOC2012/train_images/2007_002470.jpg 23,86,417,462,7
../03_mini_VOC2012/train_images/2007_002914.jpg 287,13,500,374,14
../03_mini_VOC2012/train_images/2007_003106.jpg 208,238,404,324,7 185,15,401,374,14
../03_mini_VOC2012/train_images/2007_003194.jpg 1,16,374,299,11
../03_mini_VOC2012/train_images/2007_003373.jpg 232,160,441,329,11 176,1,330,196,14
../03_mini_VOC2012/train_images/2007_003745.jpg 71,37,251,465,14
../03_mini_VOC2012/train_images/2007_003910.jpg 29,187,362,242,3 161,122,274,220,14
../03_mini_VOC2012/train_images/2007_004112.jpg 43,134,228,345,11 71,22,500,375,14
../03_mini_VOC2012/train_images/2007_004281.jpg 270,1,500,375,18
../03_mini_VOC2012/train_images/2007_004707.jpg 236,354,330,468,15 58,316,77,355,14
../03_mini_VOC2012/train_images/2007_004866.jpg 111,97,237,192,7
../03_mini_VOC2012/train_images/2007_005107.jpg 54,195,273,337,1 271,138,288,192,14
../03_mini_VOC2012/train_images/2007_005264.jpg 207,93,457,500,2 19,47,293,500,2
../03_mini_VOC2012/train_images/2007_005626.jpg 15,35,500,306,18
../03_mini_VOC2012/train_images/2007_005790.jpg 267,34,500,281,14
../03_mini_VOC2012/train_images/2007_005915.jpg 266,137,355,214,16 202,73,327,213,16
../03_mini_VOC2012/train_images/2007_006076.jpg 110,255,209,337,2 20,118,256,499,14
../03_mini_VOC2012/train_images/2007_006445.jpg 65,156,401,459,12 174,101,299,272,14
../03_mini_VOC2012/train_images/2007_006605.jpg 158,186,235,311,8 340,199,412,313,8 246,222,360,375,8 142,214,256,361,8 86,181,134,218,15 49,96,96,243,15
../03_mini_VOC2012/train_images/2007_006744.jpg 146,124,369,375,14 90,1,500,374,14
../03_mini_VOC2012/train_images/2007_006865.jpg 29,16,312,287,2
../03_mini_VOC2012/train_images/2007_007165.jpg 173,329,375,500,16
../03_mini_VOC2012/train_images/2007_007341.jpg 458,319,500,375,14 296,332,352,375,14 65,70,448,239,0
../03_mini_VOC2012/train_images/2007_007480.jpg 95,11,468,303,5 82,93,139,269,14
../03_mini_VOC2012/train_images/2007_007606.jpg 119,41,415,375,14
../03_mini_VOC2012/train_images/2007_007891.jpg 22,24,318,365,14
../03_mini_VOC2012/train_images/2007_008043.jpg 14,9,284,288,14
../03_mini_VOC2012/train_images/2007_008218.jpg 194,90,495,375,14 124,334,164,375,14 100,273,139,361,14
../03_mini_VOC2012/train_images/2007_008430.jpg 81,12,464,333,14
../03_mini_VOC2012/train_images/2007_008821.jpg 171,34,256,259,15 231,200,306,266,15
../03_mini_VOC2012/train_images/2007_009030.jpg 2,81,421,317,0
../03_mini_VOC2012/train_images/2007_009245.jpg 17,96,288,330,9 265,150,467,248,9
../03_mini_VOC2012/train_images/2007_009391.jpg 82,146,228,406,14
../03_mini_VOC2012/train_images/2007_009610.jpg 12,30,279,497,14
../03_mini_VOC2012/train_images/2007_009709.jpg 257,1,375,498,4 132,2,271,495,4 1,1,141,489,4
../03_mini_VOC2012/train_images/2007_009817.jpg 149,127,448,373,2
../03_mini_VOC2012/train_images/2008_000002.jpg 34,11,448,293,19
../03_mini_VOC2012/train_images/2008_000054.jpg 284,100,318,184,2 112,146,198,209,2
../03_mini_VOC2012/train_images/2008_000078.jpg 16,1,436,500,11
../03_mini_VOC2012/train_images/2008_000105.jpg 215,182,377,240,6
../03_mini_VOC2012/train_images/2008_000134.jpg 137,79,271,157,2 68,320,179,390,2
../03_mini_VOC2012/train_images/2008_000192.jpg 249,57,441,246,2
../03_mini_VOC2012/train_images/2008_000217.jpg 64,39,259,375,14 238,54,423,375,14
../03_mini_VOC2012/train_images/2008_000243.jpg 1,1,158,334,14 216,115,445,334,14
../03_mini_VOC2012/train_images/2008_000264.jpg 48,36,332,500,14
../03_mini_VOC2012/train_images/2008_000313.jpg 73,45,332,375,14
../03_mini_VOC2012/train_images/2008_000343.jpg 359,162,410,301,14 1,1,332,338,18 422,180,438,223,14
../03_mini_VOC2012/train_images/2008_000371.jpg 189,129,374,276,12 259,95,305,208,14
../03_mini_VOC2012/train_images/2008_000399.jpg 25,87,378,201,6
../03_mini_VOC2012/train_images/2008_000445.jpg 44,139,266,405,14
../03_mini_VOC2012/train_images/2008_000471.jpg 209,100,337,261,3 326,79,359,112,3 90,83,128,136,3 164,83,197,127,3 194,78,219,121,3
../03_mini_VOC2012/train_images/2008_000496.jpg 1,56,375,500,14
../03_mini_VOC2012/train_images/2008_000522.jpg 18,79,447,335,14 299,99,375,197,4
../03_mini_VOC2012/train_images/2008_000573.jpg 1,240,324,332,10 106,61,334,332,14 329,59,490,333,14 1,1,104,254,14
../03_mini_VOC2012/train_images/2008_000607.jpg 148,23,500,333,14
../03_mini_VOC2012/train_images/2008_000634.jpg 157,110,217,307,14 176,126,209,197,14
../03_mini_VOC2012/train_images/2008_000659.jpg 245,264,270,282,6 285,260,305,277,6
../03_mini_VOC2012/train_images/2008_000706.jpg 111,87,247,360,14 313,211,395,312,11
../03_mini_VOC2012/train_images/2008_000732.jpg 93,112,290,333,14 94,8,385,332,14
../03_mini_VOC2012/train_images/2008_000763.jpg
../03_mini_VOC2012/train_images/2008_000788.jpg 1,77,304,500,11
../03_mini_VOC2012/train_images/2008_000839.jpg 35,18,426,500,7
../03_mini_VOC2012/train_images/2008_000863.jpg 240,26,387,256,11
../03_mini_VOC2012/train_images/2008_000885.jpg 95,181,125,273,4 49,71,148,245,14 248,115,373,232,14 318,96,500,326,14 1,205,411,326,10
../03_mini_VOC2012/train_images/2008_000915.jpg 214,211,263,278,16
../03_mini_VOC2012/train_images/2008_000970.jpg 43,197,121,393,14 106,194,194,391,14 168,196,245,381,14 224,199,295,385,14 292,200,375,383,14 360,201,440,382,14
../03_mini_VOC2012/train_images/2008_000999.jpg 119,116,400,263,7
../03_mini_VOC2012/train_images/2008_001028.jpg 353,115,425,342,14
../03_mini_VOC2012/train_images/2008_001052.jpg 196,117,347,375,14 96,41,354,373,14
../03_mini_VOC2012/train_images/2008_001104.jpg 247,67,491,375,14 1,130,196,375,14 137,195,272,259,6 119,230,188,281,6
../03_mini_VOC2012/train_images/2008_001130.jpg 327,215,347,266,4 219,153,313,259,19
../03_mini_VOC2012/train_images/2008_001155.jpg 1,253,233,375,10
../03_mini_VOC2012/train_images/2008_001182.jpg 210,144,317,337,11 87,1,258,340,14
../03_mini_VOC2012/train_images/2008_001231.jpg 215,60,292,209,14 225,110,313,250,1
../03_mini_VOC2012/train_images/2008_001264.jpg 162,156,233,226,2
../03_mini_VOC2012/train_images/2008_001299.jpg 1,53,389,375,14
../03_mini_VOC2012/train_images/2008_001325.jpg 299,86,498,375,14 1,121,259,375,14
../03_mini_VOC2012/train_images/2008_001380.jpg 66,18,423,155,0
../03_mini_VOC2012/train_images/2008_001404.jpg 111,126,264,500,14 91,267,245,500,1
../03_mini_VOC2012/train_images/2008_001430.jpg 1,1,500,385,11
../03_mini_VOC2012/train_images/2008_001451.jpg 264,111,321,374,14 221,145,276,346,14 171,140,217,353,14 83,111,225,339,14 143,119,177,336,14 323,189,363,223,14 318,258,498,375,10 95,259,199,374,8 65,281,179,375,8 1,185,89,326,15 203,153,227,307,14
../03_mini_VOC2012/train_images/2008_001503.jpg 150,39,332,270,14 1,44,75,142,8
../03_mini_VOC2012/train_images/2008_001533.jpg 141,106,207,322,14 218,61,303,318,14 320,72,438,329,14 1,128,155,262,6 288,48,500,329,6
../03_mini_VOC2012/train_images/2008_001550.jpg 303,45,455,348,11 47,44,252,366,14
../03_mini_VOC2012/train_images/2008_001589.jpg 51,10,293,495,14 7,81,301,414,17
../03_mini_VOC2012/train_images/2008_001636.jpg 322,90,392,191,14 235,110,291,190,14 68,152,198,301,14 273,146,290,188,4 290,147,305,187,4 62,177,165,316,8
../03_mini_VOC2012/train_images/2008_001661.jpg 152,1,500,375,14
../03_mini_VOC2012/train_images/2008_001688.jpg 193,111,364,222,19 223,34,299,75,15 40,131,93,175,15
../03_mini_VOC2012/train_images/2008_001712.jpg 186,277,255,450,14
../03_mini_VOC2012/train_images/2008_001763.jpg 125,108,181,261,14 85,275,289,500,14
../03_mini_VOC2012/train_images/2008_001787.jpg 11,269,500,375,17
../03_mini_VOC2012/train_images/2008_001810.jpg 14,1,487,310,2
../03_mini_VOC2012/train_images/2008_001832.jpg 54,37,398,375,14
../03_mini_VOC2012/train_images/2008_001880.jpg 11,3,474,491,19
../03_mini_VOC2012/train_images/2008_001909.jpg 178,130,370,337,14 1,115,172,500,14 221,160,259,229,14 195,168,226,236,14 174,165,195,219,14
../03_mini_VOC2012/train_images/2008_001937.jpg 65,21,375,500,14
../03_mini_VOC2012/train_images/2008_001967.jpg 1,95,500,333,14 135,143,278,288,14 13,39,61,99,14 10,13,54,78,14
../03_mini_VOC2012/train_images/2008_002017.jpg 70,16,200,474,14 29,94,154,478,14
../03_mini_VOC2012/train_images/2008_002045.jpg 1,16,352,272,7 130,139,500,366,7
../03_mini_VOC2012/train_images/2008_002073.jpg 278,103,386,248,2
../03_mini_VOC2012/train_images/2008_002103.jpg 264,40,500,375,14 1,75,305,375,14
../03_mini_VOC2012/train_images/2008_002156.jpg 53,44,400,400,14
../03_mini_VOC2012/train_images/2008_002185.jpg 239,82,500,375,14
../03_mini_VOC2012/train_images/2008_002206.jpg 53,1,487,375,14
../03_mini_VOC2012/train_images/2008_002227.jpg 86,129,219,313,11 149,139,279,313,11
../03_mini_VOC2012/train_images/2008_002281.jpg 409,183,456,217,3 219,175,278,226,3
../03_mini_VOC2012/train_images/2008_002312.jpg 58,21,193,334,14 229,32,363,334,14 342,12,466,334,14 45,61,64,111,14
../03_mini_VOC2012/train_images/2008_002338.jpg 238,140,333,308,12 171,116,235,305,12
../03_mini_VOC2012/train_images/2008_002365.jpg 244,388,312,500,14
../03_mini_VOC2012/train_images/2008_002422.jpg 442,11,495,153,3 53,27,213,333,14 202,52,404,333,14
../03_mini_VOC2012/train_images/2008_002444.jpg 218,381,375,500,6 1,362,29,413,6
../03_mini_VOC2012/train_images/2008_002465.jpg 33,2,500,333,18
../03_mini_VOC2012/train_images/2008_002491.jpg 2,182,104,400,14 132,186,211,400,14 320,150,478,400,14 120,187,155,269,14 205,207,241,291,14 274,211,285,266,14 242,219,263,266,14
../03_mini_VOC2012/train_images/2008_002543.jpg 77,254,293,500,14
../03_mini_VOC2012/train_images/2008_002576.jpg 87,116,258,500,14
../03_mini_VOC2012/train_images/2008_002606.jpg 1,1,499,362,14 148,317,257,372,4
../03_mini_VOC2012/train_images/2008_002639.jpg 77,185,199,424,14
../03_mini_VOC2012/train_images/2008_002682.jpg 154,125,336,419,7
../03_mini_VOC2012/train_images/2008_002712.jpg 81,65,295,296,14 283,103,387,277,14 209,54,500,375,14
../03_mini_VOC2012/train_images/2008_002736.jpg 80,107,285,375,14 222,131,390,316,14 370,118,500,323,14 381,244,416,361,4 323,236,351,326,4
../03_mini_VOC2012/train_images/2008_002766.jpg 1,1,500,375,7
../03_mini_VOC2012/train_images/2008_002817.jpg 154,1,404,216,19 3,270,175,366,14
../03_mini_VOC2012/train_images/2008_002847.jpg 348,10,500,188,2 268,66,425,245,2 250,151,408,259,2 209,263,380,369,2 167,159,242,357,2 97,205,152,319,2 1,230,99,375,2
../03_mini_VOC2012/train_images/2008_002870.jpg 99,55,500,375,14 109,1,214,197,4 1,43,86,375,14 216,46,410,281,14
../03_mini_VOC2012/train_images/2008_002892.jpg 19,225,369,420,10 331,145,443,407,14 38,135,143,330,14 107,139,161,242,14 278,139,363,284,14 257,172,303,236,14 19,255,88,391,8
../03_mini_VOC2012/train_images/2008_002948.jpg 89,58,398,375,17 9,1,169,333,1 397,16,500,375,13 1,1,135,306,1
../03_mini_VOC2012/train_images/2008_002971.jpg 95,117,162,269,14 109,100,198,399,14
../03_mini_VOC2012/train_images/2008_003003.jpg 111,73,247,164,19 34,132,76,169,15
../03_mini_VOC2012/train_images/2008_003030.jpg 146,206,464,357,6 126,246,145,279,14
../03_mini_VOC2012/train_images/2008_003075.jpg 129,123,287,249,14 253,1,478,203,1
../03_mini_VOC2012/train_images/2008_003099.jpg 296,42,500,382,14 92,40,301,331,14 1,67,120,267,14 270,312,309,382,4
../03_mini_VOC2012/train_images/2008_003127.jpg 56,141,374,500,14
../03_mini_VOC2012/train_images/2008_003151.jpg 143,216,318,320,13 225,183,275,294,14
../03_mini_VOC2012/train_images/2008_003210.jpg 13,5,303,500,14 167,240,355,412,14
../03_mini_VOC2012/train_images/2008_003244.jpg 1,23,385,467,7
../03_mini_VOC2012/train_images/2008_003269.jpg 9,1,471,275,13 442,1,483,37,15
../03_mini_VOC2012/train_images/2008_003289.jpg 255,215,278,292,4 84,212,102,291,4 219,214,236,276,4 256,113,451,333,14
../03_mini_VOC2012/train_images/2008_003342.jpg 45,1,243,375,14 446,160,500,233,14 405,143,438,179,14 215,1,412,375,14
../03_mini_VOC2012/train_images/2008_003374.jpg 7,23,103,84,11 363,3,379,34,11
../03_mini_VOC2012/train_images/2008_003406.jpg 371,311,392,372,14 77,276,100,320,14
../03_mini_VOC2012/train_images/2008_003432.jpg 288,71,492,301,14 286,185,469,358,8 44,100,141,189,19 146,91,234,175,19 221,84,308,171,19 306,85,391,164,19 198,38,279,93,19
../03_mini_VOC2012/train_images/2008_003478.jpg 1,46,220,121,0 272,56,304,157,14 303,55,353,175,14
../03_mini_VOC2012/train_images/2008_003498.jpg 1,280,107,326,6 164,291,222,319,6
../03_mini_VOC2012/train_images/2008_003522.jpg 45,3,426,333,14
../03_mini_VOC2012/train_images/2008_003557.jpg 116,55,381,360,7 96,71,276,185,7
../03_mini_VOC2012/train_images/2008_003609.jpg 328,132,500,363,14 66,112,342,344,14 1,131,186,293,14 255,15,409,139,19
../03_mini_VOC2012/train_images/2008_003636.jpg 1,1,375,500,15
../03_mini_VOC2012/train_images/2008_003667.jpg 39,211,293,429,19 72,242,275,373,14 314,303,375,500,8
../03_mini_VOC2012/train_images/2008_003685.jpg 1,75,496,294,6 194,34,314,312,14
../03_mini_VOC2012/train_images/2008_003745.jpg 275,64,395,294,14 82,70,388,334,14
../03_mini_VOC2012/train_images/2008_003767.jpg 1,1,400,300,15
../03_mini_VOC2012/train_images/2008_003788.jpg 13,86,488,236,0
../03_mini_VOC2012/train_images/2008_003813.jpg 211,54,395,211,14 259,99,375,336,14
../03_mini_VOC2012/train_images/2008_003860.jpg 130,33,410,375,14 73,144,157,206,6 1,134,107,201,6
../03_mini_VOC2012/train_images/2008_003885.jpg 129,47,444,308,19
../03_mini_VOC2012/train_images/2008_003920.jpg 129,90,374,375,14
../03_mini_VOC2012/train_images/2008_003943.jpg 69,110,402,223,6
../03_mini_VOC2012/train_images/2008_003995.jpg 291,176,421,295,19 250,197,500,375,14 156,88,314,375,14 81,58,281,316,14 1,24,282,375,14
../03_mini_VOC2012/train_images/2008_004016.jpg 337,1,500,400,14 1,54,303,400,14 168,264,235,400,4
../03_mini_VOC2012/train_images/2008_004042.jpg 1,80,220,220,2
../03_mini_VOC2012/train_images/2008_004071.jpg 48,125,129,238,14 32,156,160,375,8
../03_mini_VOC2012/train_images/2008_004122.jpg 289,77,409,305,8 319,120,381,214,11
../03_mini_VOC2012/train_images/2008_004145.jpg 301,112,368,322,4 242,62,301,321,4 164,43,233,323,4
../03_mini_VOC2012/train_images/2008_004178.jpg 411,115,487,314,4
../03_mini_VOC2012/train_images/2008_004213.jpg 1,28,375,500,14
../03_mini_VOC2012/train_images/2008_004271.jpg 181,207,317,333,17
../03_mini_VOC2012/train_images/2008_004292.jpg 283,224,352,278,16 476,238,499,264,16
../03_mini_VOC2012/train_images/2008_004318.jpg 92,81,326,375,14 195,80,416,375,14 367,26,428,262,14 320,27,376,276,14 238,14,302,172,14
../03_mini_VOC2012/train_images/2008_004344.jpg 135,30,317,375,14 277,114,399,375,14 1,218,147,375,8
../03_mini_VOC2012/train_images/2008_004398.jpg 99,84,193,360,14 1,132,162,363,14 9,222,121,363,14
../03_mini_VOC2012/train_images/2008_004419.jpg 176,20,256,166,14
../03_mini_VOC2012/train_images/2008_004441.jpg 1,1,356,233,1 143,125,394,264,14 5,1,500,164,6
../03_mini_VOC2012/train_images/2008_004469.jpg 19,175,146,228,3 242,193,275,209,3
../03_mini_VOC2012/train_images/2008_004518.jpg 110,66,423,324,14
../03_mini_VOC2012/train_images/2008_004541.jpg 157,141,294,255,19 184,1,375,500,14
../03_mini_VOC2012/train_images/2008_004564.jpg 161,212,500,333,10 437,147,467,249,4 318,182,339,245,4 1,220,246,333,8 26,86,206,326,14
../03_mini_VOC2012/train_images/2008_004590.jpg 75,21,159,95,11 104,81,284,203,11 199,178,262,277,11 157,258,272,410,11 75,233,194,356,11 54,319,221,500,11 35,309,138,456,11 112,305,238,437,11
../03_mini_VOC2012/train_images/2008_004634.jpg 235,81,367,294,15 102,47,176,172,15
../03_mini_VOC2012/train_images/2008_004662.jpg 91,276,312,500,11 21,29,375,453,11
../03_mini_VOC2012/train_images/2008_004687.jpg 45,72,365,303,12 34,201,102,364,14
../03_mini_VOC2012/train_images/2008_004706.jpg 213,59,403,332,14 12,42,222,332,14
../03_mini_VOC2012/train_images/2008_004763.jpg 290,142,309,159,2 315,200,381,260,11 202,197,249,252,11
../03_mini_VOC2012/train_images/2008_004784.jpg 157,63,261,239,14 167,137,246,299,1
../03_mini_VOC2012/train_images/2008_004821.jpg 1,1,323,333,11
../03_mini_VOC2012/train_images/2008_004849.jpg 250,83,448,333,14 119,47,268,272,14 128,1,183,78,14 464,37,500,73,14
../03_mini_VOC2012/train_images/2008_004903.jpg 120,167,264,300,13 120,112,269,298,14
../03_mini_VOC2012/train_images/2008_004931.jpg 170,131,327,331,11
../03_mini_VOC2012/train_images/2008_004961.jpg 1,3,193,241,14 278,1,362,101,19 126,60,238,241,14
../03_mini_VOC2012/train_images/2008_004981.jpg 1,20,375,363,0
../03_mini_VOC2012/train_images/2008_005042.jpg 153,15,500,369,15 5,165,203,313,15
../03_mini_VOC2012/train_images/2008_005066.jpg 1,51,65,207,19 177,99,500,371,8 135,71,411,371,14
../03_mini_VOC2012/train_images/2008_005089.jpg 155,149,299,276,19 332,139,412,279,14 325,303,360,374,4 375,270,409,346,4 225,272,249,321,4 1,276,59,374,14
../03_mini_VOC2012/train_images/2008_005111.jpg 230,369,336,464,11 302,161,374,284,8 202,147,300,262,8 203,112,268,189,8 76,124,107,197,15 106,13,208,367,14
../03_mini_VOC2012/train_images/2008_005172.jpg 20,111,175,237,13 37,72,205,231,14
../03_mini_VOC2012/train_images/2008_005196.jpg 1,87,496,231,5
../03_mini_VOC2012/train_images/2008_005220.jpg 130,237,255,280,6 380,219,469,250,6
../03_mini_VOC2012/train_images/2008_005248.jpg 261,167,372,307,8 166,173,262,291,8
../03_mini_VOC2012/train_images/2008_005297.jpg 53,61,451,307,13 442,1,489,82,14
../03_mini_VOC2012/train_images/2008_005325.jpg 11,1,471,369,6
../03_mini_VOC2012/train_images/2008_005348.jpg 5,58,500,287,10 1,31,79,162,8
../03_mini_VOC2012/train_images/2008_005369.jpg 243,196,421,375,12 1,1,294,375,12
../03_mini_VOC2012/train_images/2008_005422.jpg 71,70,448,317,13
../03_mini_VOC2012/train_images/2008_005449.jpg 160,117,368,324,7
../03_mini_VOC2012/train_images/2008_005484.jpg 80,248,332,375,1 128,32,500,375,14
../03_mini_VOC2012/train_images/2008_005510.jpg 132,135,303,342,7 67,320,229,500,7
../03_mini_VOC2012/train_images/2008_005561.jpg 67,127,317,444,8 45,105,221,344,8
../03_mini_VOC2012/train_images/2008_005589.jpg 1,1,500,439,12
../03_mini_VOC2012/train_images/2008_005616.jpg 138,274,255,500,14 12,247,131,500,14 144,297,270,495,8
../03_mini_VOC2012/train_images/2008_005638.jpg 45,135,451,298,6
../03_mini_VOC2012/train_images/2008_005685.jpg 1,39,500,333,0
../03_mini_VOC2012/train_images/2008_005713.jpg 58,99,382,308,1
../03_mini_VOC2012/train_images/2008_005736.jpg 36,92,117,146,16 324,130,439,242,16 219,157,345,240,16
../03_mini_VOC2012/train_images/2008_005764.jpg 160,178,302,214,3
../03_mini_VOC2012/train_images/2008_005822.jpg 140,173,363,265,6 370,183,500,250,6
../03_mini_VOC2012/train_images/2008_005850.jpg 114,36,309,266,14 170,240,369,334,11 133,48,500,322,17
../03_mini_VOC2012/train_images/2008_005875.jpg 63,52,434,277,6
../03_mini_VOC2012/train_images/2008_005898.jpg 141,1,412,336,11
../03_mini_VOC2012/train_images/2008_005954.jpg 389,214,452,328,8 1,203,57,297,8 1,278,295,375,10 194,99,315,171,19 419,269,500,375,8 8,30,131,233,15
../03_mini_VOC2012/train_images/2008_005977.jpg 27,23,453,291,7
../03_mini_VOC2012/train_images/2008_006007.jpg 81,30,414,332,11
../03_mini_VOC2012/train_images/2008_006036.jpg 119,298,264,374,12
../03_mini_VOC2012/train_images/2008_006078.jpg 1,86,152,375,14 91,157,217,375,14 182,157,289,375,14 272,156,356,375,14 323,128,457,375,14 369,129,500,375,14
../03_mini_VOC2012/train_images/2008_006104.jpg 90,47,265,486,4
../03_mini_VOC2012/train_images/2008_006130.jpg 76,64,500,265,11
../03_mini_VOC2012/train_images/2008_006158.jpg 103,157,267,281,18 316,192,376,232,18
../03_mini_VOC2012/train_images/2008_006215.jpg 58,50,440,335,6 1,63,230,229,6 435,97,482,203,14 423,96,448,170,14
../03_mini_VOC2012/train_images/2008_006234.jpg 1,1,500,395,1
../03_mini_VOC2012/train_images/2008_006262.jpg 1,51,366,474,15
../03_mini_VOC2012/train_images/2008_006288.jpg 43,16,201,226,19
../03_mini_VOC2012/train_images/2008_006345.jpg 203,216,402,425,13
../03_mini_VOC2012/train_images/2008_006366.jpg 263,310,349,386,19
../03_mini_VOC2012/train_images/2008_006392.jpg 1,228,95,343,6 77,198,101,266,14 127,207,203,368,14 211,190,252,283,14 437,166,456,236,14
../03_mini_VOC2012/train_images/2008_006419.jpg 202,183,280,271,2
../03_mini_VOC2012/train_images/2008_006480.jpg 1,1,446,271,7
../03_mini_VOC2012/train_images/2008_006503.jpg 243,67,285,93,2 273,278,306,298,2 316,268,343,284,2 406,265,433,284,2 465,255,487,270,2 455,253,477,269,2 438,238,457,252,2 319,236,339,249,2 305,232,326,247,2 286,230,303,245,2 171,244,195,260,2 98,238,118,252,2 78,230,98,245,2 24,223,43,240,2 52,222,69,236,2 136,222,158,237,2
../03_mini_VOC2012/train_images/2008_006530.jpg 1,1,500,375,5 124,163,196,222,14 275,128,354,223,14 334,116,417,223,14
../03_mini_VOC2012/train_images/2008_006562.jpg 59,1,339,375,15 269,48,442,335,15 31,183,303,271,6
../03_mini_VOC2012/train_images/2008_006616.jpg 187,261,348,412,11 116,10,483,444,14 26,104,500,303,17
../03_mini_VOC2012/train_images/2008_006638.jpg 250,68,453,192,6 38,79,377,349,6 1,50,137,375,6
../03_mini_VOC2012/train_images/2008_006663.jpg 77,14,255,338,14 212,58,485,332,14 1,91,82,227,14
../03_mini_VOC2012/train_images/2008_006696.jpg 18,53,291,422,8
../03_mini_VOC2012/train_images/2008_006748.jpg 144,106,457,226,5
../03_mini_VOC2012/train_images/2008_006776.jpg 144,71,320,333,14 61,102,450,333,13
../03_mini_VOC2012/train_images/2008_006802.jpg 79,346,121,387,2 136,357,180,391,2
../03_mini_VOC2012/train_images/2008_006825.jpg 23,130,423,168,3 166,79,227,137,11 195,57,302,138,14
../03_mini_VOC2012/train_images/2008_006879.jpg 14,97,249,425,13 118,109,324,304,14
../03_mini_VOC2012/train_images/2008_006903.jpg 257,1,493,264,3 168,160,266,197,3
../03_mini_VOC2012/train_images/2008_006926.jpg 55,112,336,398,7
../03_mini_VOC2012/train_images/2008_006954.jpg 1,1,500,196,2
../03_mini_VOC2012/train_images/2008_007010.jpg 248,135,363,214,19
../03_mini_VOC2012/train_images/2008_007034.jpg 19,24,479,246,6
../03_mini_VOC2012/train_images/2008_007060.jpg 44,49,467,236,6
../03_mini_VOC2012/train_images/2008_007086.jpg 155,69,494,285,7 10,16,304,248,7
../03_mini_VOC2012/train_images/2008_007142.jpg 85,1,265,485,4
../03_mini_VOC2012/train_images/2008_007168.jpg 92,212,152,375,4 1,229,36,375,4 303,33,417,310,14 132,101,301,337,14
../03_mini_VOC2012/train_images/2008_007194.jpg 41,89,171,312,8 209,92,337,318,8 355,88,489,304,8
../03_mini_VOC2012/train_images/2008_007219.jpg 94,77,183,226,4 122,1,500,375,14
../03_mini_VOC2012/train_images/2008_007269.jpg 26,59,461,280,7
../03_mini_VOC2012/train_images/2008_007293.jpg 27,46,375,500,14 200,276,375,500,8
../03_mini_VOC2012/train_images/2008_007323.jpg 269,141,298,156,6
../03_mini_VOC2012/train_images/2008_007350.jpg 37,141,482,263,0
../03_mini_VOC2012/train_images/2008_007404.jpg 34,137,178,284,7 172,161,367,276,7 143,66,329,266,7
../03_mini_VOC2012/train_images/2008_007433.jpg 74,250,206,346,11
../03_mini_VOC2012/train_images/2008_007458.jpg 169,90,246,181,0
../03_mini_VOC2012/train_images/2008_007480.jpg 1,13,485,317,0 256,269,364,332,6
../03_mini_VOC2012/train_images/2008_007531.jpg 233,251,301,289,12 192,249,238,288,12 152,250,215,291,12 65,249,130,291,12 1,248,49,291,12 11,250,58,289,12
../03_mini_VOC2012/train_images/2008_007565.jpg 1,203,318,500,13 86,102,254,500,14 170,119,275,462,14
../03_mini_VOC2012/train_images/2008_007589.jpg 131,28,189,134,7
../03_mini_VOC2012/train_images/2008_007613.jpg 212,128,264,203,7
../03_mini_VOC2012/train_images/2008_007673.jpg 197,63,301,153,2
../03_mini_VOC2012/train_images/2008_007696.jpg 314,98,424,193,19 386,229,407,296,4 238,81,397,375,14 172,158,265,366,14 1,22,286,375,14
../03_mini_VOC2012/train_images/2008_007724.jpg 457,1,500,108,4 424,1,467,75,4 386,1,437,72,4
../03_mini_VOC2012/train_images/2008_007746.jpg 236,90,500,305,13 105,93,276,262,13 67,104,159,229,13 8,95,102,211,13 126,72,151,102,14 73,63,106,119,14 35,74,68,118,14
../03_mini_VOC2012/train_images/2008_007797.jpg 58,108,375,413,5
../03_mini_VOC2012/train_images/2008_007827.jpg 53,90,220,291,14 268,69,383,196,14 199,113,232,174,14
../03_mini_VOC2012/train_images/2008_007848.jpg 91,216,177,273,2
../03_mini_VOC2012/train_images/2008_007873.jpg 49,129,456,293,7
../03_mini_VOC2012/train_images/2008_007923.jpg 8,39,375,500,14 178,319,244,490,4 113,357,189,500,4
../03_mini_VOC2012/train_images/2008_007947.jpg 1,1,463,331,6
../03_mini_VOC2012/train_images/2008_007975.jpg 44,30,500,236,7
../03_mini_VOC2012/train_images/2008_007999.jpg 60,105,278,195,18
../03_mini_VOC2012/train_images/2008_008055.jpg 283,187,427,266,18
../03_mini_VOC2012/train_images/2008_008084.jpg 40,273,247,500,1 87,35,292,488,14
../03_mini_VOC2012/train_images/2008_008112.jpg 131,100,472,333,1 140,1,381,291,14 422,137,500,319,14
../03_mini_VOC2012/train_images/2008_008134.jpg 104,67,326,377,2
../03_mini_VOC2012/train_images/2008_008197.jpg 115,52,275,218,2
../03_mini_VOC2012/train_images/2008_008221.jpg 1,160,77,326,14 1,51,461,269,18
../03_mini_VOC2012/train_images/2008_008246.jpg 137,213,342,375,13 238,129,328,218,14 95,113,195,352,14 1,123,222,245,6 165,170,269,306,14
../03_mini_VOC2012/train_images/2008_008275.jpg 29,120,216,233,18 317,109,500,215,18 286,154,309,215,14
../03_mini_VOC2012/train_images/2008_008323.jpg 106,132,413,333,16 187,70,323,169,16
../03_mini_VOC2012/train_images/2008_008345.jpg 73,57,415,151,0 290,29,320,44,0
../03_mini_VOC2012/train_images/2008_008370.jpg 106,262,208,328,9
../03_mini_VOC2012/train_images/2008_008395.jpg 124,152,455,351,12 231,78,308,263,14
../03_mini_VOC2012/train_images/2008_008453.jpg 172,202,231,246,12 226,205,273,247,12 325,209,370,241,12 306,209,341,235,12 437,210,458,245,12
../03_mini_VOC2012/train_images/2008_008480.jpg 111,195,139,222,1
../03_mini_VOC2012/train_images/2008_008512.jpg 160,94,266,288,2
../03_mini_VOC2012/train_images/2008_008533.jpg 80,5,435,376,12
../03_mini_VOC2012/train_images/2008_008591.jpg 187,145,328,316,1 133,37,282,286,14 438,75,500,199,14
../03_mini_VOC2012/train_images/2008_008617.jpg 29,73,438,368,9 79,115,369,368,9
../03_mini_VOC2012/train_images/2008_008637.jpg 1,90,500,174,18 222,125,335,375,14
../03_mini_VOC2012/train_images/2008_008673.jpg 105,1,375,500,18
../03_mini_VOC2012/train_images/2008_008717.jpg 89,39,258,337,14 98,158,232,404,1 268,127,302,198,14
../03_mini_VOC2012/train_images/2008_008749.jpg 31,52,416,289,18
../03_mini_VOC2012/train_images/2009_000006.jpg 38,9,286,330,5
../03_mini_VOC2012/train_images/2009_000027.jpg 449,172,484,189,6 441,180,488,230,6 15,64,451,292,5 1,141,19,316,6
../03_mini_VOC2012/train_images/2009_000074.jpg 73,21,397,320,13 143,25,334,224,14
../03_mini_VOC2012/train_images/2009_000097.jpg 185,128,408,215,5 36,162,135,199,6 411,152,467,179,6 462,156,492,179,6
../03_mini_VOC2012/train_images/2009_000130.jpg 140,6,275,493,4
../03_mini_VOC2012/train_images/2009_000150.jpg 145,11,344,231,7
../03_mini_VOC2012/train_images/2009_000201.jpg 156,76,245,411,4
../03_mini_VOC2012/train_images/2009_000227.jpg 1,1,492,361,7
../03_mini_VOC2012/train_images/2009_000253.jpg 244,206,347,332,14
../03_mini_VOC2012/train_images/2009_000286.jpg 1,1,375,500,1
../03_mini_VOC2012/train_images/2009_000336.jpg 4,31,268,284,19
../03_mini_VOC2012/train_images/2009_000366.jpg 134,145,329,342,7
../03_mini_VOC2012/train_images/2009_000397.jpg 172,207,446,290,6 297,220,337,303,14 52,205,71,273,14 75,200,94,276,14 41,92,465,227,0 188,191,216,249,14 231,200,250,223,14 91,208,103,274,14
../03_mini_VOC2012/train_images/2009_000417.jpg 1,21,492,197,0
../03_mini_VOC2012/train_images/2009_000466.jpg 74,23,330,179,7
../03_mini_VOC2012/train_images/2009_000494.jpg 151,32,303,375,4
../03_mini_VOC2012/train_images/2009_000516.jpg 155,41,351,232,3 135,77,169,105,3 17,71,58,99,3
../03_mini_VOC2012/train_images/2009_000544.jpg 138,1,375,210,19 40,161,135,400,14
../03_mini_VOC2012/train_images/2009_000590.jpg 146,111,232,283,15 62,131,224,421,8
../03_mini_VOC2012/train_images/2009_000611.jpg 19,1,468,342,13
../03_mini_VOC2012/train_images/2009_000635.jpg 195,178,285,275,15 305,194,385,267,15 117,193,188,273,15
../03_mini_VOC2012/train_images/2009_000662.jpg 74,67,213,132,0
../03_mini_VOC2012/train_images/2009_000712.jpg 1,95,333,302,18
../03_mini_VOC2012/train_images/2009_000732.jpg 45,27,325,343,17
../03_mini_VOC2012/train_images/2009_000757.jpg 85,49,229,270,14 14,112,263,278,1 49,57,100,146,14
../03_mini_VOC2012/train_images/2009_000782.jpg 18,66,321,399,7
../03_mini_VOC2012/train_images/2009_000833.jpg 232,44,478,375,14 56,70,263,375,14
../03_mini_VOC2012/train_images/2009_000856.jpg 158,163,398,311,11 225,68,305,306,14
../03_mini_VOC2012/train_images/2009_000890.jpg 1,1,267,333,18 379,110,500,333,14 386,144,410,198,14 407,129,436,164,14
../03_mini_VOC2012/train_images/2009_000910.jpg 22,62,500,291,18
../03_mini_VOC2012/train_images/2009_000962.jpg 32,65,272,500,14
../03_mini_VOC2012/train_images/2009_000985.jpg 37,15,469,272,1
../03_mini_VOC2012/train_images/2009_001008.jpg 43,59,328,394,7
../03_mini_VOC2012/train_images/2009_001036.jpg 51,98,429,257,12
../03_mini_VOC2012/train_images/2009_001090.jpg 61,92,389,205,0
../03_mini_VOC2012/train_images/2009_001107.jpg 154,83,375,453,17
../03_mini_VOC2012/train_images/2009_001133.jpg 1,14,350,500,11 1,93,115,334,14 173,1,378,60,19
../03_mini_VOC2012/train_images/2009_001153.jpg 1,1,500,334,7
../03_mini_VOC2012/train_images/2009_001207.jpg 139,72,198,333,4 175,95,367,333,14
../03_mini_VOC2012/train_images/2009_001237.jpg 419,245,500,320,6 89,64,403,305,5 120,191,152,219,14
../03_mini_VOC2012/train_images/2009_001257.jpg 270,53,431,333,9
../03_mini_VOC2012/train_images/2009_001285.jpg 27,24,484,346,8
../03_mini_VOC2012/train_images/2009_001329.jpg 1,27,481,270,11
../03_mini_VOC2012/train_images/2009_001359.jpg 158,104,462,265,18
../03_mini_VOC2012/train_images/2009_001375.jpg 63,103,341,236,2 393,104,443,139,2 355,92,380,135,2 274,112,311,137,2 253,115,264,137,2
../03_mini_VOC2012/train_images/2009_001403.jpg 129,131,277,441,16 1,1,158,438,16 124,1,335,399,16
../03_mini_VOC2012/train_images/2009_001450.jpg 127,160,320,500,7 87,26,412,500,14
../03_mini_VOC2012/train_images/2009_001476.jpg 169,48,371,218,11
../03_mini_VOC2012/train_images/2009_001507.jpg 109,54,488,236,11 1,1,500,274,8
../03_mini_VOC2012/train_images/2009_001536.jpg 61,55,397,261,6
../03_mini_VOC2012/train_images/2009_001590.jpg 43,107,428,274,5 446,182,476,250,14 428,186,460,249,14 363,168,378,201,14 311,174,353,208,14 425,185,439,203,14 34,200,40,220,14 150,164,169,200,14 234,177,260,207,14
../03_mini_VOC2012/train_images/2009_001614.jpg 106,85,345,275,5 413,194,433,249,14
../03_mini_VOC2012/train_images/2009_001640.jpg 122,1,261,500,4
../03_mini_VOC2012/train_images/2009_001667.jpg 98,48,500,375,15 1,1,228,311,15
../03_mini_VOC2012/train_images/2009_001718.jpg 41,140,286,500,14 40,310,264,500,1
../03_mini_VOC2012/train_images/2009_001743.jpg 57,2,455,375,14 73,173,268,375,14 1,12,500,375,17 156,227,255,289,4
../03_mini_VOC2012/train_images/2009_001765.jpg 178,93,344,246,2
../03_mini_VOC2012/train_images/2009_001792.jpg 3,62,334,500,11
../03_mini_VOC2012/train_images/2009_001831.jpg 36,188,483,295,18
../03_mini_VOC2012/train_images/2009_001854.jpg 83,20,386,310,5 1,68,92,275,5 1,189,34,302,14
../03_mini_VOC2012/train_images/2009_001881.jpg 25,118,375,450,11
../03_mini_VOC2012/train_images/2009_001908.jpg 1,31,500,333,17 84,208,433,333,14 98,1,422,333,14 309,151,362,220,4
../03_mini_VOC2012/train_images/2009_001965.jpg 19,24,436,336,14
../03_mini_VOC2012/train_images/2009_001991.jpg 71,41,447,495,16
../03_mini_VOC2012/train_images/2009_002018.jpg 323,182,472,233,0
../03_mini_VOC2012/train_images/2009_002053.jpg 1,1,500,333,7
../03_mini_VOC2012/train_images/2009_002103.jpg 315,200,497,259,6 1,188,45,280,6 25,201,63,234,6 175,191,262,219,6 7,197,385,382,6
../03_mini_VOC2012/train_images/2009_002123.jpg 145,106,437,375,14 1,138,147,375,15
../03_mini_VOC2012/train_images/2009_002146.jpg 80,39,394,457,3 28,235,184,449,3 205,388,219,430,14 319,413,333,436,14 346,411,360,439,14
../03_mini_VOC2012/train_images/2009_002175.jpg 14,159,382,333,18 177,170,207,208,14
../03_mini_VOC2012/train_images/2009_002225.jpg 201,134,296,246,18
../03_mini_VOC2012/train_images/2009_002245.jpg 142,65,500,333,16
../03_mini_VOC2012/train_images/2009_002271.jpg 93,174,300,310,1 303,1,500,204,5 1,120,264,242,6 184,125,263,156,6
../03_mini_VOC2012/train_images/2009_002299.jpg 50,51,500,285,6
../03_mini_VOC2012/train_images/2009_002352.jpg 83,1,497,372,7
../03_mini_VOC2012/train_images/2009_002380.jpg 48,44,375,417,6
../03_mini_VOC2012/train_images/2009_002401.jpg 43,7,500,375,1 405,1,473,40,15
../03_mini_VOC2012/train_images/2009_002424.jpg 105,93,342,266,6
../03_mini_VOC2012/train_images/2009_002474.jpg 39,73,500,358,14 1,32,245,358,14
../03_mini_VOC2012/train_images/2009_002514.jpg 91,82,298,500,14 114,1,375,500,14
../03_mini_VOC2012/train_images/2009_002532.jpg 47,249,70,272,6 70,118,357,317,5
../03_mini_VOC2012/train_images/2009_002558.jpg 133,203,207,295,8 216,204,421,331,17 390,253,500,334,8
../03_mini_VOC2012/train_images/2009_002604.jpg 179,177,277,275,2
../03_mini_VOC2012/train_images/2009_002621.jpg 10,44,393,281,5 1,177,53,272,6 418,169,445,247,14 474,163,500,237,14 458,179,477,237,14 435,155,462,240,14
../03_mini_VOC2012/train_images/2009_002651.jpg 176,123,403,297,13 220,72,362,237,14
../03_mini_VOC2012/train_images/2009_002674.jpg 11,51,493,231,0
../03_mini_VOC2012/train_images/2009_002725.jpg 97,7,500,321,18
../03_mini_VOC2012/train_images/2009_002752.jpg 1,59,322,162,0 59,125,463,254,0 1,161,9,183,14
../03_mini_VOC2012/train_images/2009_002774.jpg 298,157,499,268,18 1,169,315,249,18
../03_mini_VOC2012/train_images/2009_002800.jpg 33,11,333,500,14 73,1,333,216,14
../03_mini_VOC2012/train_images/2009_002849.jpg 318,82,470,213,19
../03_mini_VOC2012/train_images/2009_002879.jpg 163,46,199,110,14
../03_mini_VOC2012/train_images/2009_002908.jpg 1,58,372,500,11
../03_mini_VOC2012/train_images/2009_002936.jpg 188,72,319,341,7
../03_mini_VOC2012/train_images/2009_002984.jpg 131,84,291,268,19 320,100,475,216,19 363,205,404,313,4 388,89,500,196,19
../03_mini_VOC2012/train_images/2009_003006.jpg 1,272,46,375,10 126,31,290,375,14
../03_mini_VOC2012/train_images/2009_003034.jpg 297,1,374,333,4 210,10,292,324,4 106,31,198,333,4 1,75,78,332,4
../03_mini_VOC2012/train_images/2009_003064.jpg 93,10,500,375,14
../03_mini_VOC2012/train_images/2009_003107.jpg 13,112,493,243,0
../03_mini_VOC2012/train_images/2009_003128.jpg 52,65,458,333,12 197,146,294,333,14 198,25,329,251,14 11,145,117,319,14
../03_mini_VOC2012/train_images/2009_003151.jpg 225,81,372,130,2
../03_mini_VOC2012/train_images/2009_003181.jpg 247,290,262,320,14
../03_mini_VOC2012/train_images/2009_003232.jpg 61,88,319,360,12
../03_mini_VOC2012/train_images/2009_003261.jpg 307,84,500,290,12 114,86,263,375,14 1,18,215,375,14
../03_mini_VOC2012/train_images/2009_003284.jpg 81,6,452,307,3
../03_mini_VOC2012/train_images/2009_003311.jpg 343,122,500,264,18 1,117,417,267,18
../03_mini_VOC2012/train_images/2009_003367.jpg 71,1,422,275,19 43,230,385,457,19
../03_mini_VOC2012/train_images/2009_003385.jpg 1,11,490,500,5 432,210,475,268,14 486,221,500,293,14 460,223,500,297,14 316,136,350,224,5
../03_mini_VOC2012/train_images/2009_003415.jpg 164,79,333,281,7 101,16,399,222,8 1,1,130,186,8 106,1,500,281,14
../03_mini_VOC2012/train_images/2009_003445.jpg 125,158,187,180,12 56,182,171,236,12 278,186,320,231,12 344,155,382,174,12 338,183,358,222,12 342,170,419,215,12
../03_mini_VOC2012/train_images/2009_003492.jpg 67,74,179,128,18
../03_mini_VOC2012/train_images/2009_003517.jpg 115,37,240,489,4
../03_mini_VOC2012/train_images/2009_003538.jpg 243,13,500,303,11 1,95,500,375,11
../03_mini_VOC2012/train_images/2009_003560.jpg 264,150,305,178,6 271,172,290,202,13 273,159,291,183,13 213,258,244,294,13 200,238,227,266,13
../03_mini_VOC2012/train_images/2009_003613.jpg 60,289,228,360,17
../03_mini_VOC2012/train_images/2009_003639.jpg 1,1,375,500,13
../03_mini_VOC2012/train_images/2009_003663.jpg 1,34,376,375,7
../03_mini_VOC2012/train_images/2009_003689.jpg 184,262,294,500,14
../03_mini_VOC2012/train_images/2009_003735.jpg 98,127,217,300,11
../03_mini_VOC2012/train_images/2009_003760.jpg 36,89,470,249,0
../03_mini_VOC2012/train_images/2009_003793.jpg 126,174,184,286,4
../03_mini_VOC2012/train_images/2009_003815.jpg 13,1,500,374,15
../03_mini_VOC2012/train_images/2009_003863.jpg 1,142,470,210,18
../03_mini_VOC2012/train_images/2009_003897.jpg 234,30,415,375,14 61,114,500,375,12
../03_mini_VOC2012/train_images/2009_003916.jpg 10,28,488,326,5
../03_mini_VOC2012/train_images/2009_003951.jpg 106,89,426,247,18 100,141,113,171,14 1,147,25,181,14
../03_mini_VOC2012/train_images/2009_004005.jpg 90,74,282,304,8
../03_mini_VOC2012/train_images/2009_004033.jpg 145,208,204,297,11
../03_mini_VOC2012/train_images/2009_004062.jpg 1,74,59,153,19 45,74,117,146,19 112,82,184,151,19 181,71,254,145,19 253,85,316,147,19 319,67,401,142,19 399,62,478,135,19 483,65,500,145,19 1,138,52,198,19 46,143,118,213,19 116,149,182,202,19 181,139,254,203,19 252,147,315,213,19 311,139,387,212,19 387,134,459,201,19 472,143,500,215,19 1,190,36,258,19 34,195,106,264,19 108,200,174,272,19 170,194,245,265,19 244,200,318,266,19 319,198,398,272,19 396,189,464,264,19 478,199,500,277,19 1,260,55,333,19 47,260,138,325,19 152,242,237,325,19 236,255,305,326,19 313,262,384,331,19 382,262,464,317,19 465,270,500,330,19 1,329,42,351,19 42,318,128,358,19 134,321,219,362,19 226,324,311,375,19 310,337,403,375,19 322,323,387,367,19 403,339,464,375,19 468,328,500,343,19
../03_mini_VOC2012/train_images/2009_004088.jpg 81,61,341,347,8 330,48,500,251,17
../03_mini_VOC2012/train_images/2009_004131.jpg 119,112,149,172,2 244,82,425,375,14 58,48,259,287,14 143,204,390,372,8 77,157,252,375,8 391,142,495,335,8
../03_mini_VOC2012/train_images/2009_004157.jpg 123,25,500,331,7
../03_mini_VOC2012/train_images/2009_004174.jpg 258,201,392,250,2 180,104,300,156,2 86,76,159,111,2 80,215,136,281,2
../03_mini_VOC2012/train_images/2009_004193.jpg 1,22,379,318,11 1,2,500,333,17
../03_mini_VOC2012/train_images/2009_004241.jpg 270,1,500,207,13 106,1,475,375,13
../03_mini_VOC2012/train_images/2009_004271.jpg 208,203,259,245,6 250,204,265,230,6
../03_mini_VOC2012/train_images/2009_004291.jpg 1,1,500,334,17 168,81,429,334,7
../03_mini_VOC2012/train_images/2009_004319.jpg 150,68,341,311,11
../03_mini_VOC2012/train_images/2009_004371.jpg 97,176,365,464,18
../03_mini_VOC2012/train_images/2009_004404.jpg 81,140,235,252,15 180,268,294,431,15 155,330,213,441,15 102,251,214,367,15 238,369,333,500,8
../03_mini_VOC2012/train_images/2009_004434.jpg 131,1,421,333,7
../03_mini_VOC2012/train_images/2009_004453.jpg 1,1,220,375,18 71,165,95,216,14 71,116,95,175,14 85,78,103,126,14 102,95,110,121,14
../03_mini_VOC2012/train_images/2009_004509.jpg 198,159,281,319,2
../03_mini_VOC2012/train_images/2009_004536.jpg 19,17,307,479,8
../03_mini_VOC2012/train_images/2009_004557.jpg 196,75,267,156,3
../03_mini_VOC2012/train_images/2009_004581.jpg 125,112,339,215,11
../03_mini_VOC2012/train_images/2009_004639.jpg 7,44,467,482,7
../03_mini_VOC2012/train_images/2009_004664.jpg 161,24,344,352,14 121,162,370,357,1
../03_mini_VOC2012/train_images/2009_004688.jpg 1,12,398,333,11
../03_mini_VOC2012/train_images/2009_004720.jpg 7,81,500,375,10 3,293,185,375,8 270,19,349,94,8 390,19,470,141,8 343,29,500,157,10 99,21,177,107,8
../03_mini_VOC2012/train_images/2009_004769.jpg 1,326,375,500,10 90,415,249,500,8 275,395,375,500,8 33,328,125,357,8
../03_mini_VOC2012/train_images/2009_004796.jpg 1,28,409,358,7
../03_mini_VOC2012/train_images/2009_004822.jpg 1,1,144,89,6 166,1,500,70,6 179,6,366,330,14 95,141,448,358,1
../03_mini_VOC2012/train_images/2009_004847.jpg 38,91,375,500,10 213,1,375,155,14 1,93,111,381,14
../03_mini_VOC2012/train_images/2009_004897.jpg 1,22,432,333,12
../03_mini_VOC2012/train_images/2009_004921.jpg 2,9,277,360,8
../03_mini_VOC2012/train_images/2009_004946.jpg 1,60,224,500,2
../03_mini_VOC2012/train_images/2009_004975.jpg 25,15,435,371,8 11,1,500,371,14
../03_mini_VOC2012/train_images/2009_005031.jpg 7,94,495,236,0
../03_mini_VOC2012/train_images/2009_005057.jpg 21,132,166,500,14 66,159,84,193,4 185,138,288,443,14 253,176,272,216,4
../03_mini_VOC2012/train_images/2009_005080.jpg 287,164,370,278,8 1,163,61,217,8 98,231,232,375,8 80,207,185,375,8 1,212,148,375,10
../03_mini_VOC2012/train_images/2009_005103.jpg 65,45,413,375,1 217,68,355,320,14
../03_mini_VOC2012/train_images/2009_005153.jpg 74,133,357,319,11
../03_mini_VOC2012/train_images/2009_005172.jpg 112,54,500,375,1 1,143,157,375,14
../03_mini_VOC2012/train_images/2009_005202.jpg 1,90,371,375,10 322,227,500,375,8 30,168,250,375,8 250,53,321,102,8 278,102,430,291,8 28,69,111,160,8
../03_mini_VOC2012/train_images/2009_005222.jpg 271,42,450,333,14
../03_mini_VOC2012/train_images/2009_005286.jpg 387,99,485,230,15 368,185,432,235,15 244,168,273,197,15 255,110,333,182,15 267,141,350,215,8 247,53,282,145,14 310,141,431,226,8
../03_mini_VOC2012/train_images/2009_005309.jpg 211,137,320,243,14
../03_mini_VOC2012/train_images/2010_000026.jpg 119,12,425,375,11
../03_mini_VOC2012/train_images/2010_000054.jpg 1,19,466,353,7
../03_mini_VOC2012/train_images/2010_000097.jpg 1,90,396,344,17 72,59,255,351,14 221,45,361,350,14 351,104,500,341,14
../03_mini_VOC2012/train_images/2010_000127.jpg 51,28,359,386,11
../03_mini_VOC2012/train_images/2010_000152.jpg 2,12,500,433,11
../03_mini_VOC2012/train_images/2010_000178.jpg 389,220,423,248,19 151,208,222,283,14 321,237,430,338,8 153,296,215,364,8 191,250,306,372,8 1,320,208,375,10
../03_mini_VOC2012/train_images/2010_000233.jpg 2,215,465,321,18
../03_mini_VOC2012/train_images/2010_000256.jpg 54,44,420,239,17 247,128,270,204,4 241,30,354,185,14
../03_mini_VOC2012/train_images/2010_000283.jpg 142,72,476,332,12 70,121,162,332,12 1,109,95,201,12
../03_mini_VOC2012/train_images/2010_000309.jpg 171,161,243,219,16 171,160,250,223,16 141,189,188,226,16 115,187,148,224,16 315,107,363,139,16
../03_mini_VOC2012/train_images/2010_000362.jpg 1,1,474,375,11
../03_mini_VOC2012/train_images/2010_000388.jpg 133,49,412,333,12
../03_mini_VOC2012/train_images/2010_000415.jpg 1,159,241,331,11 210,87,384,332,11
../03_mini_VOC2012/train_images/2010_000439.jpg 171,122,419,361,7 203,1,456,135,8
../03_mini_VOC2012/train_images/2010_000485.jpg 47,168,292,488,8
../03_mini_VOC2012/train_images/2010_000510.jpg 61,180,294,393,13 124,103,252,333,14
../03_mini_VOC2012/train_images/2010_000538.jpg 47,25,470,375,7
../03_mini_VOC2012/train_images/2010_000564.jpg 102,12,481,374,14 1,195,153,375,14
../03_mini_VOC2012/train_images/2010_000622.jpg 9,132,360,254,0
../03_mini_VOC2012/train_images/2010_000647.jpg 29,174,281,334,7
../03_mini_VOC2012/train_images/2010_000675.jpg 5,63,287,469,7
../03_mini_VOC2012/train_images/2010_000694.jpg 317,143,439,227,7 52,155,176,222,7 266,11,500,355,8 1,34,193,360,8 1,1,214,165,17
../03_mini_VOC2012/train_images/2010_000744.jpg 24,41,469,318,13 270,1,438,235,14
../03_mini_VOC2012/train_images/2010_000770.jpg 120,261,348,370,5
../03_mini_VOC2012/train_images/2010_000799.jpg 26,28,421,322,7
../03_mini_VOC2012/train_images/2010_000822.jpg 69,39,473,375,16
../03_mini_VOC2012/train_images/2010_000879.jpg 1,102,472,478,11
../03_mini_VOC2012/train_images/2010_000908.jpg 108,115,372,330,6
../03_mini_VOC2012/train_images/2010_000931.jpg 237,70,340,176,19 128,63,239,170,19
../03_mini_VOC2012/train_images/2010_000959.jpg 405,92,465,277,14 200,1,500,331,18
../03_mini_VOC2012/train_images/2010_001011.jpg 164,241,329,348,16 30,190,256,328,16
../03_mini_VOC2012/train_images/2010_001039.jpg 25,57,500,270,0
../03_mini_VOC2012/train_images/2010_001070.jpg 128,159,268,315,7
../03_mini_VOC2012/train_images/2010_001099.jpg 226,7,470,336,11 7,60,500,336,19
../03_mini_VOC2012/train_images/2010_001140.jpg 53,45,408,214,7
../03_mini_VOC2012/train_images/2010_001164.jpg 427,167,500,218,3
../03_mini_VOC2012/train_images/2010_001193.jpg 24,189,462,327,7
../03_mini_VOC2012/train_images/2010_001218.jpg 273,174,410,244,11 30,188,175,276,11 309,1,498,268,14 141,1,325,274,14
../03_mini_VOC2012/train_images/2010_001273.jpg 49,18,245,307,11
../03_mini_VOC2012/train_images/2010_001294.jpg 7,63,487,217,0 129,189,191,210,0
../03_mini_VOC2012/train_images/2010_001326.jpg 102,7,466,375,11
../03_mini_VOC2012/train_images/2010_001355.jpg 167,298,228,367,11
../03_mini_VOC2012/train_images/2010_001406.jpg 7,219,105,268,9 47,232,193,306,9 216,189,315,241,9 349,174,436,236,9
../03_mini_VOC2012/train_images/2010_001430.jpg 289,149,323,214,15 113,92,236,302,14
../03_mini_VOC2012/train_images/2010_001453.jpg 102,66,360,252,5 1,182,38,210,6 401,202,438,257,14 45,179,58,216,14
../03_mini_VOC2012/train_images/2010_001479.jpg 160,217,374,481,14 1,34,138,360,14 182,1,319,247,14 1,255,56,452,15 64,127,160,325,15 310,165,375,289,15
../03_mini_VOC2012/train_images/2010_001537.jpg 162,1,467,299,11 108,106,337,277,11
../03_mini_VOC2012/train_images/2010_001560.jpg 146,37,499,310,18
../03_mini_VOC2012/train_images/2010_001584.jpg 347,71,422,186,2
../03_mini_VOC2012/train_images/2010_001607.jpg 63,70,276,245,16 142,64,416,260,16
../03_mini_VOC2012/train_images/2010_001669.jpg 22,150,77,202,6 89,178,231,324,14
../03_mini_VOC2012/train_images/2010_001692.jpg 173,120,450,337,9 124,53,268,338,14
../03_mini_VOC2012/train_images/2010_001718.jpg 335,144,412,248,0
../03_mini_VOC2012/train_images/2010_001747.jpg 19,11,215,490,7
../03_mini_VOC2012/train_images/2010_001795.jpg 119,274,251,435,11
../03_mini_VOC2012/train_images/2010_001821.jpg 284,275,439,363,6 439,279,483,300,6
../03_mini_VOC2012/train_images/2010_001846.jpg 37,156,128,295,8 393,145,474,242,8 124,192,381,243,10 36,34,500,375,14
../03_mini_VOC2012/train_images/2010_001868.jpg 202,109,358,239,2
../03_mini_VOC2012/train_images/2010_001931.jpg 2,59,494,265,0
../03_mini_VOC2012/train_images/2010_001956.jpg 1,37,306,435,11
../03_mini_VOC2012/train_images/2010_001980.jpg 321,404,358,500,4
../03_mini_VOC2012/train_images/2010_002005.jpg 1,20,349,393,11
../03_mini_VOC2012/train_images/2010_002055.jpg 37,120,375,500,1 248,262,276,306,14 229,265,286,337,4 13,241,51,312,15
../03_mini_VOC2012/train_images/2010_002094.jpg 9,8,499,316,19 157,41,319,287,14
../03_mini_VOC2012/train_images/2010_002118.jpg 1,1,500,330,7
../03_mini_VOC2012/train_images/2010_002141.jpg 175,43,416,132,0 236,58,322,89,0
../03_mini_VOC2012/train_images/2010_002193.jpg 318,100,429,203,19 1,1,197,129,15 1,129,198,313,17
../03_mini_VOC2012/train_images/2010_002218.jpg 1,82,357,500,5
../03_mini_VOC2012/train_images/2010_002243.jpg 15,78,324,411,7
../03_mini_VOC2012/train_images/2010_002274.jpg 15,33,230,309,14 7,276,333,500,10
../03_mini_VOC2012/train_images/2010_002327.jpg 278,93,473,284,19 11,101,238,312,19
../03_mini_VOC2012/train_images/2010_002357.jpg 82,85,455,215,0
../03_mini_VOC2012/train_images/2010_002378.jpg 99,156,333,430,16
../03_mini_VOC2012/train_images/2010_002400.jpg 1,286,499,375,10 341,156,423,288,8 447,146,500,248,8 417,145,448,213,8 315,148,369,203,8 139,153,191,193,8 112,158,183,221,8 155,67,389,296,14
../03_mini_VOC2012/train_images/2010_002452.jpg 26,23,494,301,13
../03_mini_VOC2012/train_images/2010_002479.jpg 128,1,465,500,7
../03_mini_VOC2012/train_images/2010_002507.jpg 162,117,259,174,16 142,128,308,268,6
../03_mini_VOC2012/train_images/2010_002533.jpg 227,159,434,332,7 1,98,300,332,7
../03_mini_VOC2012/train_images/2010_002582.jpg 270,222,440,286,16 128,137,327,260,16 98,121,249,239,16 1,156,111,236,16 425,158,442,177,16
../03_mini_VOC2012/train_images/2010_002614.jpg 43,46,321,500,2
../03_mini_VOC2012/train_images/2010_002632.jpg 21,1,416,330,14 75,171,108,237,15 174,82,262,152,2
../03_mini_VOC2012/train_images/2010_002661.jpg 15,4,372,460,15
../03_mini_VOC2012/train_images/2010_002710.jpg 84,191,387,337,17
../03_mini_VOC2012/train_images/2010_002736.jpg 95,253,168,314,16 406,56,472,110,16
../03_mini_VOC2012/train_images/2010_002763.jpg 23,245,250,442,9 212,321,324,404,7 257,27,323,324,14 178,82,248,331,14 43,136,230,316,14
../03_mini_VOC2012/train_images/2010_002789.jpg 6,144,500,382,7
../03_mini_VOC2012/train_images/2010_002838.jpg 122,44,423,471,18 21,230,157,356,18
../03_mini_VOC2012/train_images/2010_002857.jpg 203,43,484,500,11 1,1,323,457,11
../03_mini_VOC2012/train_images/2010_002881.jpg 26,6,329,338,14 54,106,250,331,8
../03_mini_VOC2012/train_images/2010_002909.jpg 1,69,450,375,7
../03_mini_VOC2012/train_images/2010_002965.jpg 171,65,500,303,7 72,130,187,227,7
../03_mini_VOC2012/train_images/2010_002993.jpg 34,87,434,375,7
../03_mini_VOC2012/train_images/2010_003024.jpg 79,1,407,271,6
../03_mini_VOC2012/train_images/2010_003051.jpg 84,127,492,257,0
../03_mini_VOC2012/train_images/2010_003102.jpg 65,59,500,334,16
../03_mini_VOC2012/train_images/2010_003127.jpg 13,133,227,208,0 299,167,403,205,0 398,165,495,201,0 242,169,321,203,0
../03_mini_VOC2012/train_images/2010_003151.jpg 39,12,468,313,7
../03_mini_VOC2012/train_images/2010_003176.jpg 1,1,330,333,11
../03_mini_VOC2012/train_images/2010_003231.jpg 182,286,360,443,6
../03_mini_VOC2012/train_images/2010_003252.jpg 238,159,293,212,16
../03_mini_VOC2012/train_images/2010_003276.jpg 30,46,441,327,6 89,45,134,60,6
../03_mini_VOC2012/train_images/2010_003301.jpg 41,15,500,500,11
../03_mini_VOC2012/train_images/2010_003358.jpg 143,2,467,334,7
../03_mini_VOC2012/train_images/2010_003379.jpg 1,37,500,367,1 351,242,500,375,8
../03_mini_VOC2012/train_images/2010_003402.jpg 1,55,443,359,7
../03_mini_VOC2012/train_images/2010_003436.jpg 293,47,475,270,11 123,33,312,313,11
../03_mini_VOC2012/train_images/2010_003495.jpg 80,10,441,289,0
../03_mini_VOC2012/train_images/2010_003526.jpg 2,156,284,375,14 115,130,339,375,2
../03_mini_VOC2012/train_images/2010_003547.jpg 163,161,500,259,3
../03_mini_VOC2012/train_images/2010_003573.jpg 46,95,335,472,12 50,101,133,229,14
../03_mini_VOC2012/train_images/2010_003632.jpg 454,254,500,300,8 444,310,500,375,8 78,38,235,375,14 189,31,363,375,14 186,34,456,375,14 16,213,79,290,14
../03_mini_VOC2012/train_images/2010_003656.jpg 69,343,226,459,6
../03_mini_VOC2012/train_images/2010_003680.jpg 150,34,365,281,0
../03_mini_VOC2012/train_images/2010_003716.jpg 1,102,500,229,0
../03_mini_VOC2012/train_images/2010_003761.jpg 401,37,500,202,16 118,19,357,202,16 117,95,323,328,16
../03_mini_VOC2012/train_images/2010_003789.jpg 1,1,497,373,6
../03_mini_VOC2012/train_images/2010_003815.jpg 29,134,469,241,3
../03_mini_VOC2012/train_images/2010_003847.jpg 1,73,500,238,18
../03_mini_VOC2012/train_images/2010_003897.jpg 1,129,500,333,10
../03_mini_VOC2012/train_images/2010_003928.jpg 1,65,448,288,7
../03_mini_VOC2012/train_images/2010_003949.jpg 334,95,492,500,14 1,59,118,500,14 101,101,253,495,14
../03_mini_VOC2012/train_images/2010_003980.jpg 109,3,407,344,11
../03_mini_VOC2012/train_images/2010_004029.jpg 281,208,354,306,8 145,290,195,351,15
../03_mini_VOC2012/train_images/2010_004053.jpg 303,48,422,188,8
../03_mini_VOC2012/train_images/2010_004071.jpg 49,182,91,208,2 140,287,198,325,2 268,271,301,297,2 280,329,319,357,2
../03_mini_VOC2012/train_images/2010_004102.jpg 1,145,28,204,19 1,226,27,285,19 181,188,291,289,19 69,188,180,293,19 145,159,369,404,14 91,213,164,262,14
../03_mini_VOC2012/train_images/2010_004148.jpg 1,58,199,303,18
../03_mini_VOC2012/train_images/2010_004175.jpg 1,39,248,300,7
../03_mini_VOC2012/train_images/2010_004198.jpg 161,59,254,105,4 212,4,500,375,14 189,48,326,276,14
../03_mini_VOC2012/train_images/2010_004225.jpg 169,262,375,377,16 216,18,339,142,16 193,87,305,278,14 402,55,482,204,14
../03_mini_VOC2012/train_images/2010_004278.jpg 12,24,423,349,10 283,78,493,357,8 1,122,235,368,8 15,18,187,190,8 249,14,354,52,8
../03_mini_VOC2012/train_images/2010_004301.jpg 189,125,302,284,7
../03_mini_VOC2012/train_images/2010_004332.jpg 1,168,283,364,16 275,56,419,275,14 278,103,402,327,14
../03_mini_VOC2012/train_images/2010_004351.jpg 26,31,479,328,12
../03_mini_VOC2012/train_images/2010_004404.jpg 67,125,277,383,0
../03_mini_VOC2012/train_images/2010_004432.jpg 110,111,323,334,14
../03_mini_VOC2012/train_images/2010_004460.jpg 108,170,314,349,19 66,254,115,370,4
../03_mini_VOC2012/train_images/2010_004484.jpg 69,246,300,333,6
../03_mini_VOC2012/train_images/2010_004542.jpg 206,42,447,375,12 17,102,68,184,12 19,73,62,150,14 70,92,221,199,12 22,61,262,375,14
../03_mini_VOC2012/train_images/2010_004561.jpg 37,308,73,353,14 1,307,26,345,14 1,1,165,412,3
../03_mini_VOC2012/train_images/2010_004591.jpg 164,80,346,208,19
../03_mini_VOC2012/train_images/2010_004620.jpg 65,164,212,327,11 253,168,475,214,11
../03_mini_VOC2012/train_images/2010_004670.jpg 1,37,500,374,15
../03_mini_VOC2012/train_images/2010_004696.jpg 83,178,246,226,5
../03_mini_VOC2012/train_images/2010_004728.jpg 136,65,297,375,14 145,87,316,375,14
../03_mini_VOC2012/train_images/2010_004753.jpg 6,95,486,359,7 47,1,500,375,8
../03_mini_VOC2012/train_images/2010_004805.jpg 265,183,377,314,8 1,158,242,289,17 239,128,284,170,19
../03_mini_VOC2012/train_images/2010_004825.jpg 85,286,363,472,10 125,252,264,500,8 52,234,141,428,8 72,153,106,244,15 177,158,204,242,15
../03_mini_VOC2012/train_images/2010_004849.jpg 166,101,500,365,11
../03_mini_VOC2012/train_images/2010_004878.jpg 1,156,362,489,1 183,28,312,475,14 78,34,216,376,14
../03_mini_VOC2012/train_images/2010_004937.jpg 400,190,450,281,14 244,217,287,268,14 49,263,137,353,10
../03_mini_VOC2012/train_images/2010_004954.jpg 55,44,286,497,7
../03_mini_VOC2012/train_images/2010_004980.jpg 208,91,420,271,18
../03_mini_VOC2012/train_images/2010_005005.jpg 1,59,246,374,14 218,55,500,375,14
../03_mini_VOC2012/train_images/2010_005055.jpg 51,49,500,293,18
../03_mini_VOC2012/train_images/2010_005080.jpg 243,143,369,280,5 43,125,232,277,5 380,173,448,248,5
../03_mini_VOC2012/train_images/2010_005107.jpg 145,76,328,427,12
../03_mini_VOC2012/train_images/2010_005129.jpg 167,173,227,313,2
../03_mini_VOC2012/train_images/2010_005184.jpg 53,120,350,242,0
../03_mini_VOC2012/train_images/2010_005211.jpg 31,40,482,322,1 431,1,500,51,6
../03_mini_VOC2012/train_images/2010_005238.jpg 1,49,395,472,8 102,202,293,278,7
../03_mini_VOC2012/train_images/2010_005261.jpg 3,91,210,199,6 25,28,477,311,6 14,47,31,94,14
../03_mini_VOC2012/train_images/2010_005312.jpg 117,135,305,235,11 263,200,422,300,7
../03_mini_VOC2012/train_images/2010_005345.jpg 86,40,358,297,19
../03_mini_VOC2012/train_images/2010_005372.jpg 66,311,225,500,8 157,236,242,318,19
../03_mini_VOC2012/train_images/2010_005393.jpg 227,193,371,313,13 194,157,354,302,14
../03_mini_VOC2012/train_images/2010_005441.jpg 267,165,397,290,4
../03_mini_VOC2012/train_images/2010_005468.jpg 154,158,348,287,9
../03_mini_VOC2012/train_images/2010_005494.jpg 243,120,319,183,13 254,116,326,180,14
../03_mini_VOC2012/train_images/2010_005514.jpg 276,30,500,328,16 67,72,341,284,16
../03_mini_VOC2012/train_images/2010_005567.jpg 374,107,416,192,16 312,111,370,174,16 221,76,266,116,16 6,123,58,233,16 103,132,209,251,16 181,148,336,298,16
../03_mini_VOC2012/train_images/2010_005588.jpg 129,98,241,171,3
../03_mini_VOC2012/train_images/2010_005610.jpg 1,156,500,446,17 35,35,442,473,14
../03_mini_VOC2012/train_images/2010_005635.jpg 224,149,293,191,16 226,163,275,192,16 166,123,189,150,16 266,143,302,181,16
../03_mini_VOC2012/train_images/2010_005684.jpg 115,85,466,326,13 200,12,332,272,14
../03_mini_VOC2012/train_images/2010_005719.jpg 1,109,381,332,16
../03_mini_VOC2012/train_images/2010_005744.jpg 146,101,300,252,19
../03_mini_VOC2012/train_images/2010_005763.jpg 16,85,272,500,7
../03_mini_VOC2012/train_images/2010_005821.jpg 48,11,240,243,7
../03_mini_VOC2012/train_images/2010_005841.jpg 149,131,344,263,19 371,113,500,275,19 1,128,116,280,19
../03_mini_VOC2012/train_images/2010_005870.jpg 124,1,461,303,11
../03_mini_VOC2012/train_images/2010_005892.jpg 1,1,419,375,7
../03_mini_VOC2012/train_images/2010_005942.jpg 49,163,470,293,0 154,194,221,292,14
../03_mini_VOC2012/train_images/2010_005968.jpg 148,75,314,316,2
../03_mini_VOC2012/train_images/2010_005987.jpg 233,160,260,205,11 110,35,249,96,6
../03_mini_VOC2012/train_images/2010_006011.jpg 1,45,456,317,7
../03_mini_VOC2012/train_images/2010_006066.jpg 87,1,489,375,11
../03_mini_VOC2012/train_images/2010_006092.jpg 133,17,453,260,14
../03_mini_VOC2012/train_images/2010_006117.jpg 264,46,389,360,14
../03_mini_VOC2012/train_images/2010_006150.jpg 43,48,154,281,14 162,25,265,324,14
../03_mini_VOC2012/train_images/2010_006207.jpg 233,84,329,295,14 340,83,392,298,14
../03_mini_VOC2012/train_images/2010_006229.jpg 129,136,249,411,14
../03_mini_VOC2012/train_images/2010_006245.jpg 107,203,237,411,14
../03_mini_VOC2012/train_images/2010_006266.jpg 9,116,322,500,14
../03_mini_VOC2012/train_images/2010_006326.jpg 124,100,258,405,14
../03_mini_VOC2012/train_images/2010_006354.jpg 132,99,173,229,14 170,59,253,378,14 316,104,344,194,14 281,100,323,250,14 334,94,424,378,14
../03_mini_VOC2012/train_images/2010_006382.jpg 220,181,500,375,14
../03_mini_VOC2012/train_images/2010_006406.jpg 132,176,245,340,14 161,123,370,500,14
../03_mini_VOC2012/train_images/2010_006462.jpg 162,105,264,335,14
../03_mini_VOC2012/train_images/2010_006494.jpg 264,170,334,279,14
../03_mini_VOC2012/train_images/2010_006516.jpg 126,88,271,340,14
../03_mini_VOC2012/train_images/2010_006541.jpg 394,89,471,255,14 123,97,163,234,14 61,120,99,229,14 158,95,219,265,14 214,104,261,244,14 249,78,347,375,14
../03_mini_VOC2012/train_images/2010_006595.jpg 242,64,357,283,14
../03_mini_VOC2012/train_images/2010_006621.jpg 308,261,375,418,14
../03_mini_VOC2012/train_images/2010_006656.jpg 264,184,308,275,14 213,187,251,278,14 177,184,202,268,14
../03_mini_VOC2012/train_images/2010_006684.jpg 154,174,262,318,14
../03_mini_VOC2012/train_images/2010_006739.jpg 219,135,299,361,14
../03_mini_VOC2012/train_images/2010_006761.jpg 209,1,500,375,14
../03_mini_VOC2012/train_images/2010_006786.jpg 1,1,256,256,14
../03_mini_VOC2012/train_images/2010_006815.jpg 191,52,459,375,14
../03_mini_VOC2012/train_images/2010_006865.jpg 41,146,87,284,14 288,126,366,333,14
../03_mini_VOC2012/train_images/2010_006890.jpg 220,45,482,375,14
../03_mini_VOC2012/train_images/2010_006909.jpg 39,1,500,375,14
../03_mini_VOC2012/train_images/2010_006927.jpg 201,115,292,270,14 361,159,389,212,14
../03_mini_VOC2012/train_images/2010_006977.jpg 7,37,382,333,14
../03_mini_VOC2012/train_images/2011_000009.jpg 95,37,215,182,19 252,144,353,348,14 306,78,329,146,4 208,197,438,375,8 340,32,353,52,14 325,30,338,48,14
../03_mini_VOC2012/train_images/2011_000037.jpg 77,234,166,375,8 314,200,422,346,17 103,187,195,276,17 226,166,288,217,19 12,187,40,251,19
../03_mini_VOC2012/train_images/2011_000058.jpg 96,97,451,212,18
../03_mini_VOC2012/train_images/2011_000102.jpg 1,1,216,186,16 112,1,500,138,16 1,96,499,375,16
../03_mini_VOC2012/train_images/2011_000130.jpg 396,145,500,213,3 18,176,143,203,3 458,131,491,229,14
../03_mini_VOC2012/train_images/2011_000161.jpg 255,213,275,227,3 207,246,254,304,3 72,245,117,301,3 114,176,189,397,14 1,252,32,336,14 88,257,111,316,14
../03_mini_VOC2012/train_images/2011_000189.jpg 307,83,500,375,14
../03_mini_VOC2012/train_images/2011_000237.jpg 327,190,423,375,14
../03_mini_VOC2012/train_images/2011_000258.jpg 103,35,425,281,5 1,191,118,268,6 425,195,474,285,14 380,169,402,210,14 316,170,336,199,14 336,168,351,202,14 285,167,315,209,14
../03_mini_VOC2012/train_images/2011_000286.jpg 128,232,230,283,3 1,252,291,375,3 245,254,334,298,3 351,228,433,294,3 425,230,500,296,3 241,205,310,259,3 299,220,370,268,3
../03_mini_VOC2012/train_images/2011_000310.jpg 59,299,237,462,17
../03_mini_VOC2012/train_images/2011_000368.jpg 1,2,424,375,14
../03_mini_VOC2012/train_images/2011_000391.jpg 168,68,500,375,14 1,107,226,375,14 359,86,433,219,14 175,89,238,265,14 184,153,269,298,14 13,172,34,221,15
../03_mini_VOC2012/train_images/2011_000416.jpg 118,41,480,300,6 2,25,163,360,14
../03_mini_VOC2012/train_images/2011_000438.jpg 164,313,209,375,4 1,137,202,366,14 347,103,498,375,14 207,114,385,375,14 1,220,275,375,14
../03_mini_VOC2012/train_images/2011_000486.jpg 36,81,195,319,14 314,71,471,291,14
../03_mini_VOC2012/train_images/2011_000509.jpg 11,122,465,337,6 244,74,376,160,6 2,91,67,163,6 374,77,448,122,6 132,69,154,133,14 163,72,180,131,14 461,54,500,225,14 68,68,81,146,14 401,60,420,118,14 441,61,467,149,14 213,70,228,124,14 232,68,249,122,14
../03_mini_VOC2012/train_images/2011_000532.jpg 217,139,426,272,11
../03_mini_VOC2012/train_images/2011_000554.jpg 435,156,478,258,2 388,161,462,273,2 365,150,407,240,2 351,145,376,229,2 310,174,349,289,2 259,160,304,272,2 304,146,349,229,2 268,129,323,221,2 270,130,291,165,2 230,129,256,209,2 187,137,247,227,2 145,192,225,309,2 106,192,166,300,2 54,177,127,286,2 8,162,76,263,2 109,149,145,196,2 137,145,190,214,2 161,131,209,200,2 29,11,66,60,14 5,1,34,64,14
../03_mini_VOC2012/train_images/2011_000598.jpg 1,246,298,500,10
../03_mini_VOC2012/train_images/2011_000627.jpg 46,143,486,256,18
../03_mini_VOC2012/train_images/2011_000651.jpg 55,79,342,441,13
../03_mini_VOC2012/train_images/2011_000682.jpg 123,74,277,342,8 274,71,430,339,8 1,87,75,362,8
../03_mini_VOC2012/train_images/2011_000743.jpg 1,13,288,500,15 1,433,117,500,15
../03_mini_VOC2012/train_images/2011_000765.jpg 46,21,437,335,17
../03_mini_VOC2012/train_images/2011_000788.jpg 107,54,449,362,11 70,178,210,257,11
../03_mini_VOC2012/train_images/2011_000812.jpg 81,27,483,329,14
../03_mini_VOC2012/train_images/2011_000858.jpg 185,64,499,381,18 97,78,342,359,14 243,102,309,314,14 43,111,121,199,14
../03_mini_VOC2012/train_images/2011_000888.jpg 11,64,435,290,5 332,144,369,177,14
../03_mini_VOC2012/train_images/2011_000919.jpg 179,105,313,239,15 324,5,443,56,15 252,160,345,319,8 281,197,461,375,8 73,161,188,355,8 81,220,266,375,8 122,201,375,375,10
../03_mini_VOC2012/train_images/2011_000944.jpg 1,1,500,343,18
../03_mini_VOC2012/train_images/2011_000997.jpg 2,60,489,216,18
../03_mini_VOC2012/train_images/2011_001019.jpg 326,100,461,262,18
../03_mini_VOC2012/train_images/2011_001036.jpg 93,95,400,375,14
../03_mini_VOC2012/train_images/2011_001062.jpg 1,38,499,375,6 240,95,500,205,6 1,81,50,168,14 393,69,427,127,14 473,64,498,134,14 417,69,454,130,14
../03_mini_VOC2012/train_images/2011_001117.jpg 52,202,227,461,2 144,181,358,338,2 265,180,312,212,2 59,207,162,290,2 1,128,27,153,2 50,37,98,64,2
../03_mini_VOC2012/train_images/2011_001139.jpg 140,20,386,152,2 77,38,226,226,2 1,1,500,375,10
../03_mini_VOC2012/train_images/2011_001166.jpg 129,1,500,332,18
../03_mini_VOC2012/train_images/2011_001193.jpg 39,137,216,233,6 220,146,248,222,14 458,153,477,203,14
../03_mini_VOC2012/train_images/2011_001251.jpg 378,204,460,253,12 198,191,250,223,12
../03_mini_VOC2012/train_images/2011_001270.jpg 65,86,491,299,5 1,228,46,248,6
../03_mini_VOC2012/train_images/2011_001288.jpg 138,64,253,194,11 4,141,56,182,15
../03_mini_VOC2012/train_images/2011_001318.jpg 1,100,96,237,9 258,103,472,314,9 18,120,221,302,9
../03_mini_VOC2012/train_images/2011_001375.jpg 218,116,344,248,18 130,176,144,217,14 35,187,54,244,14 59,182,81,240,14 77,181,97,233,14
../03_mini_VOC2012/train_images/2011_001399.jpg 4,11,375,500,9
../03_mini_VOC2012/train_images/2011_001429.jpg 244,66,443,375,14
../03_mini_VOC2012/train_images/2011_001464.jpg 149,6,372,317,11
../03_mini_VOC2012/train_images/2011_001524.jpg 233,95,322,225,8 277,107,389,269,8 132,52,262,188,1 140,54,261,172,1 274,1,382,51,6 193,1,274,41,6 119,1,185,39,6 2,14,292,346,13 64,14,81,58,14
../03_mini_VOC2012/train_images/2011_001542.jpg 302,97,438,144,6 9,100,487,265,6
../03_mini_VOC2012/train_images/2011_001571.jpg 232,253,260,332,4 181,192,215,265,4 129,201,188,257,4 54,274,85,332,4 147,269,169,333,4 1,253,364,332,10 184,118,405,333,14 40,91,186,273,14
../03_mini_VOC2012/train_images/2011_001599.jpg 1,2,499,179,1 1,1,186,185,14
../03_mini_VOC2012/train_images/2011_001641.jpg 1,95,345,413,6 65,27,235,500,14
../03_mini_VOC2012/train_images/2011_001665.jpg 99,129,168,195,8 4,129,81,271,8 47,174,500,333,10 161,120,229,183,8 59,124,252,196,10 1,209,55,333,8 264,103,294,154,8 445,92,489,181,8
../03_mini_VOC2012/train_images/2011_001693.jpg 140,90,185,126,3 97,99,132,116,3
../03_mini_VOC2012/train_images/2011_001715.jpg 213,1,310,148,8 295,22,395,166,8 223,1,401,130,10
../03_mini_VOC2012/train_images/2011_001766.jpg 153,167,187,210,15 6,170,260,500,8 301,53,333,175,15
../03_mini_VOC2012/train_images/2011_001792.jpg 1,42,182,273,14
../03_mini_VOC2012/train_images/2011_001815.jpg 192,103,310,240,12 240,59,301,186,14 8,115,33,157,14 24,116,60,157,14 52,116,88,155,14 62,113,98,154,14
../03_mini_VOC2012/train_images/2011_001840.jpg 17,10,484,348,9
../03_mini_VOC2012/train_images/2011_001886.jpg 60,300,128,317,3
../03_mini_VOC2012/train_images/2011_001909.jpg 213,25,381,326,14
../03_mini_VOC2012/train_images/2011_001929.jpg 44,88,321,228,6
../03_mini_VOC2012/train_images/2011_001952.jpg 75,9,498,232,2 39,187,179,242,2
../03_mini_VOC2012/train_images/2011_002003.jpg 335,1,500,267,1
../03_mini_VOC2012/train_images/2011_002033.jpg 1,187,373,341,6 144,210,184,354,14
../03_mini_VOC2012/train_images/2011_002050.jpg 225,152,324,286,3 1,248,37,298,3
../03_mini_VOC2012/train_images/2011_002079.jpg 1,53,344,374,5
../03_mini_VOC2012/train_images/2011_002131.jpg 1,1,292,332,4
../03_mini_VOC2012/train_images/2011_002154.jpg 301,161,436,298,19
../03_mini_VOC2012/train_images/2011_002179.jpg 1,134,372,375,14 93,22,200,118,8 69,61,145,128,8
../03_mini_VOC2012/train_images/2011_002211.jpg 8,63,468,331,7
../03_mini_VOC2012/train_images/2011_002253.jpg 1,29,494,374,6
../03_mini_VOC2012/train_images/2011_002284.jpg 12,146,497,266,0 47,150,183,201,0
../03_mini_VOC2012/train_images/2011_002312.jpg 85,71,306,332,14
../03_mini_VOC2012/train_images/2011_002347.jpg 2,9,419,440,7 15,343,356,485,2
../03_mini_VOC2012/train_images/2011_002395.jpg 158,127,432,295,17
../03_mini_VOC2012/train_images/2011_002420.jpg 16,44,500,378,6 1,98,20,164,14
../03_mini_VOC2012/train_images/2011_002455.jpg 45,216,187,486,1 112,79,258,459,14 285,121,312,181,14 273,118,290,169,14
../03_mini_VOC2012/train_images/2011_002479.jpg 1,1,471,339,13 401,1,500,155,13 1,1,80,239,14 90,1,218,82,14
../03_mini_VOC2012/train_images/2011_002532.jpg 251,41,426,176,19 17,41,193,181,19 1,175,33,291,14 289,183,372,267,14
../03_mini_VOC2012/train_images/2011_002556.jpg 233,254,500,375,10 50,121,139,375,14 155,176,244,375,14 405,215,500,340,14 325,232,381,293,14 311,145,371,269,14 266,209,306,260,14 259,186,315,261,14 214,191,249,239,14 97,146,132,203,14 1,179,46,221,14
../03_mini_VOC2012/train_images/2011_002579.jpg 247,174,500,256,10 288,26,474,348,14 96,94,365,375,14
../03_mini_VOC2012/train_images/2011_002601.jpg 1,169,395,474,11
../03_mini_VOC2012/train_images/2011_002651.jpg 163,1,412,319,14
../03_mini_VOC2012/train_images/2011_002676.jpg 397,151,482,200,6 421,159,486,198,6 443,171,486,203,6
../03_mini_VOC2012/train_images/2011_002706.jpg 234,90,500,330,14
../03_mini_VOC2012/train_images/2011_002738.jpg 125,103,418,256,18
../03_mini_VOC2012/train_images/2011_002786.jpg 74,1,383,319,13
../03_mini_VOC2012/train_images/2011_002810.jpg 28,201,91,259,19 259,225,500,342,17 2,184,35,265,15 162,108,178,144,15 177,107,199,142,15 195,111,216,142,15 228,109,257,128,15 264,107,286,130,15 296,105,325,142,15 323,103,350,140,15 338,162,357,186,15 309,149,340,187,15 296,149,316,186,15 158,149,175,187,15 177,158,192,187,15 203,156,217,185,15 158,190,181,226,15 168,203,181,227,15 201,192,215,225,15 237,139,252,172,15 253,139,270,173,15 268,145,284,172,15 224,178,247,233,15 244,202,264,232,15 259,191,286,223,15 320,193,341,224,15 296,191,318,225,15 308,193,328,227,15
../03_mini_VOC2012/train_images/2011_002834.jpg 1,109,351,252,17
../03_mini_VOC2012/train_images/2011_002868.jpg 119,82,369,239,2
../03_mini_VOC2012/train_images/2011_002921.jpg 148,85,450,319,13 203,25,380,268,14
../03_mini_VOC2012/train_images/2011_002942.jpg 112,41,397,310,19
../03_mini_VOC2012/train_images/2011_002966.jpg 367,265,422,375,4 337,210,374,350,4 239,193,260,261,4 32,1,208,94,19 1,90,176,375,14 67,101,233,375,14 171,83,295,257,14 234,115,406,289,14 353,121,420,212,14 397,132,500,336,14 177,246,500,375,10
../03_mini_VOC2012/train_images/2011_002987.jpg 95,39,324,326,18 191,219,236,294,14
../03_mini_VOC2012/train_images/2011_003037.jpg 45,28,206,444,14
../03_mini_VOC2012/train_images/2011_003059.jpg 89,18,346,341,18
../03_mini_VOC2012/train_images/2011_003086.jpg 124,237,305,426,5 214,283,241,336,14
../03_mini_VOC2012/train_images/2011_003121.jpg 466,212,500,281,6 97,145,475,334,6
../03_mini_VOC2012/train_images/2011_003171.jpg 137,76,360,220,2
../03_mini_VOC2012/train_images/2011_003197.jpg 10,9,387,489,18
../03_mini_VOC2012/train_images/2011_003229.jpg 154,94,329,350,14
../03_mini_VOC2012/train_images/2011_003254.jpg 147,199,281,309,19 130,259,148,305,4
../03_mini_VOC2012/train_images/2011_003303.jpg 229,110,329,262,14
../03_mini_VOC2012/train_images/2011_003326.jpg 46,37,399,375,14
../03_mini_VOC2012/train_images/2011_003361.jpg 177,106,298,274,14
../03_mini_VOC2012/train_images/2011_003382.jpg 76,2,461,375,14
../03_mini_VOC2012/train_images/2011_003433.jpg 37,109,167,322,14
../03_mini_VOC2012/train_images/2011_003456.jpg 219,67,294,159,14
../03_mini_VOC2012/train_images/2011_003484.jpg 158,57,375,500,14 2,122,82,498,14
../03_mini_VOC2012/train_images/2011_003513.jpg 225,134,431,371,14 178,34,452,371,14
../03_mini_VOC2012/train_images/2011_003563.jpg 34,15,190,324,14 201,158,280,279,14
../03_mini_VOC2012/train_images/2011_003598.jpg 33,273,78,404,14 293,211,333,330,14 65,269,110,411,14
../03_mini_VOC2012/train_images/2011_003619.jpg 183,59,237,185,14 216,65,265,173,14
../03_mini_VOC2012/train_images/2011_003642.jpg 274,107,399,255,14
../03_mini_VOC2012/train_images/2011_003693.jpg 2,41,500,359,14
../03_mini_VOC2012/train_images/2011_003721.jpg 322,109,489,265,14 260,89,347,270,14 139,116,295,269,14
../03_mini_VOC2012/train_images/2011_003754.jpg 183,33,325,375,14
../03_mini_VOC2012/train_images/2011_003775.jpg 133,69,374,375,14
../03_mini_VOC2012/train_images/2011_003842.jpg 1,1,393,333,14 120,151,287,333,14 312,119,500,333,14
../03_mini_VOC2012/train_images/2011_003874.jpg 11,9,334,333,14
../03_mini_VOC2012/train_images/2011_003905.jpg 84,180,164,375,14
../03_mini_VOC2012/train_images/2011_003929.jpg 230,180,342,375,14
../03_mini_VOC2012/train_images/2011_003984.jpg 62,50,250,320,14
../03_mini_VOC2012/train_images/2011_004014.jpg 192,27,456,375,14
../03_mini_VOC2012/train_images/2011_004036.jpg 31,44,326,500,14
../03_mini_VOC2012/train_images/2011_004053.jpg 61,117,211,375,14 286,161,409,356,14
../03_mini_VOC2012/train_images/2011_004096.jpg 190,126,254,195,14
../03_mini_VOC2012/train_images/2011_004122.jpg 185,86,325,418,14
../03_mini_VOC2012/train_images/2011_004155.jpg 218,19,399,464,14
../03_mini_VOC2012/train_images/2011_004180.jpg 191,63,274,191,14 71,64,116,154,14 381,59,429,113,14
../03_mini_VOC2012/train_images/2011_004233.jpg 131,44,223,290,14
../03_mini_VOC2012/train_images/2011_004263.jpg 140,77,310,347,14
../03_mini_VOC2012/train_images/2011_004284.jpg 87,62,259,333,14 254,80,422,333,14
../03_mini_VOC2012/train_images/2011_004308.jpg 197,233,375,500,14 190,168,375,351,14
../03_mini_VOC2012/train_images/2011_004352.jpg 247,76,346,299,14 378,93,472,300,14 185,90,261,268,14
../03_mini_VOC2012/train_images/2011_004386.jpg 128,115,212,336,14
../03_mini_VOC2012/train_images/2011_004418.jpg 81,118,392,375,14
../03_mini_VOC2012/train_images/2011_004443.jpg 224,120,431,375,14
../03_mini_VOC2012/train_images/2011_004482.jpg 173,193,214,272,14
../03_mini_VOC2012/train_images/2011_004503.jpg 31,7,215,500,14
../03_mini_VOC2012/train_images/2011_004528.jpg 201,142,464,308,14
../03_mini_VOC2012/train_images/2011_004554.jpg 175,94,243,234,14
../03_mini_VOC2012/train_images/2011_004617.jpg 52,198,162,457,14
../03_mini_VOC2012/train_images/2011_004638.jpg 151,31,258,306,14 309,45,362,147,14
../03_mini_VOC2012/train_images/2011_004662.jpg 206,54,429,345,14
../03_mini_VOC2012/train_images/2011_004687.jpg 81,266,299,500,14 207,175,251,268,14 155,201,200,267,14
../03_mini_VOC2012/train_images/2011_004740.jpg 108,142,244,500,14
../03_mini_VOC2012/train_images/2011_004761.jpg 205,109,256,221,14
../03_mini_VOC2012/train_images/2011_004779.jpg 138,71,358,465,14
../03_mini_VOC2012/train_images/2011_004809.jpg 77,37,355,333,14
../03_mini_VOC2012/train_images/2011_004870.jpg 250,188,275,236,14 262,191,287,238,14 177,188,190,222,14 182,187,201,222,14
../03_mini_VOC2012/train_images/2011_004892.jpg 151,140,423,375,14
../03_mini_VOC2012/train_images/2011_004911.jpg 132,10,238,336,14
../03_mini_VOC2012/train_images/2011_004949.jpg 76,206,102,268,14
../03_mini_VOC2012/train_images/2011_004989.jpg 196,118,324,283,14
../03_mini_VOC2012/train_images/2011_005016.jpg 57,22,400,375,14
../03_mini_VOC2012/train_images/2011_005043.jpg 54,66,262,375,14
../03_mini_VOC2012/train_images/2011_005070.jpg 88,117,183,378,14 9,203,38,294,14
../03_mini_VOC2012/train_images/2011_005145.jpg 74,42,435,306,14
../03_mini_VOC2012/train_images/2011_005170.jpg 208,127,250,231,14
../03_mini_VOC2012/train_images/2011_005193.jpg 69,35,317,441,14
../03_mini_VOC2012/train_images/2011_005220.jpg 107,92,180,305,14 172,96,240,297,14 287,93,368,303,14 342,107,403,302,14 265,107,282,143,14
../03_mini_VOC2012/train_images/2011_005268.jpg 382,159,432,278,14 425,146,474,281,14 454,129,500,272,14 281,142,319,236,14 254,192,282,235,14 329,197,366,278,14 6,121,136,273,14 107,131,198,338,14
../03_mini_VOC2012/train_images/2011_005291.jpg 57,32,202,257,14
../03_mini_VOC2012/train_images/2011_005315.jpg 162,80,201,164,14 240,75,275,143,14 39,98,68,160,14 68,104,99,152,14
../03_mini_VOC2012/train_images/2011_005343.jpg 83,24,354,432,14
../03_mini_VOC2012/train_images/2011_005404.jpg 132,189,172,287,14
../03_mini_VOC2012/train_images/2011_005431.jpg 15,62,216,500,14
../03_mini_VOC2012/train_images/2011_005460.jpg 16,42,207,367,14 133,55,333,417,14
../03_mini_VOC2012/train_images/2011_005491.jpg 414,120,437,188,14
../03_mini_VOC2012/train_images/2011_005534.jpg 275,104,459,313,14
../03_mini_VOC2012/train_images/2011_005559.jpg 163,72,275,188,14
../03_mini_VOC2012/train_images/2011_005582.jpg 120,75,245,467,14
../03_mini_VOC2012/train_images/2011_005609.jpg 116,171,193,313,14
../03_mini_VOC2012/train_images/2011_005649.jpg 175,116,226,267,14 245,140,292,293,14
../03_mini_VOC2012/train_images/2011_005676.jpg 112,9,290,288,14
../03_mini_VOC2012/train_images/2011_005699.jpg 61,49,372,377,14
../03_mini_VOC2012/train_images/2011_005723.jpg 2,229,87,375,14
../03_mini_VOC2012/train_images/2011_005778.jpg 63,83,328,333,14
../03_mini_VOC2012/train_images/2011_005801.jpg 128,67,239,367,14 211,83,295,325,14
../03_mini_VOC2012/train_images/2011_005826.jpg 139,139,339,313,14
../03_mini_VOC2012/train_images/2011_005852.jpg 361,101,472,374,14
../03_mini_VOC2012/train_images/2011_005898.jpg 127,136,223,297,14
../03_mini_VOC2012/train_images/2011_005913.jpg 193,30,322,373,14
../03_mini_VOC2012/train_images/2011_005934.jpg 165,95,210,180,14
../03_mini_VOC2012/train_images/2011_005951.jpg 195,181,221,243,14
../03_mini_VOC2012/train_images/2011_006003.jpg 219,89,292,237,14
../03_mini_VOC2012/train_images/2011_006025.jpg 75,152,258,486,14
../03_mini_VOC2012/train_images/2011_006060.jpg 20,21,345,375,14
../03_mini_VOC2012/train_images/2011_006099.jpg 161,160,229,429,14
../03_mini_VOC2012/train_images/2011_006155.jpg 184,75,267,285,14
../03_mini_VOC2012/train_images/2011_006183.jpg 451,151,484,205,14
../03_mini_VOC2012/train_images/2011_006205.jpg 378,186,461,314,14 91,196,107,234,14 46,195,63,234,14
../03_mini_VOC2012/train_images/2011_006239.jpg 193,102,280,377,14
../03_mini_VOC2012/train_images/2011_006293.jpg 396,155,460,263,14 46,174,131,269,14
../03_mini_VOC2012/train_images/2011_006313.jpg 314,236,394,375,14
../03_mini_VOC2012/train_images/2011_006333.jpg 8,56,284,332,14
../03_mini_VOC2012/train_images/2011_006367.jpg 62,40,222,327,14
../03_mini_VOC2012/train_images/2011_006416.jpg 337,245,368,315,14
../03_mini_VOC2012/train_images/2011_006441.jpg 389,90,468,315,14 62,164,143,256,14 296,104,383,319,14 231,117,300,312,14
../03_mini_VOC2012/train_images/2011_006480.jpg 168,105,375,500,14 1,188,166,498,14
../03_mini_VOC2012/train_images/2011_006506.jpg 3,2,333,369,14
../03_mini_VOC2012/train_images/2011_006559.jpg 349,243,388,375,14
../03_mini_VOC2012/train_images/2011_006587.jpg 7,38,237,494,14
../03_mini_VOC2012/train_images/2011_006609.jpg 2,126,222,454,14
../03_mini_VOC2012/train_images/2011_006638.jpg 360,202,423,408,14
../03_mini_VOC2012/train_images/2011_006687.jpg 283,143,497,400,14 352,2,452,228,14 320,25,382,183,14
../03_mini_VOC2012/train_images/2011_006709.jpg 205,27,264,187,14 318,31,381,194,14
../03_mini_VOC2012/train_images/2011_006734.jpg 119,183,369,499,14
../03_mini_VOC2012/train_images/2011_006763.jpg 129,140,379,438,14
../03_mini_VOC2012/train_images/2011_006817.jpg 239,109,378,375,14
../03_mini_VOC2012/train_images/2011_006839.jpg 88,79,348,332,14
../03_mini_VOC2012/train_images/2011_006861.jpg 55,17,200,375,14 450,166,500,331,14
../03_mini_VOC2012/train_images/2011_006893.jpg 6,132,217,308,14
../03_mini_VOC2012/train_images/2011_006939.jpg 279,62,374,218,14
../03_mini_VOC2012/train_images/2011_006972.jpg 233,82,344,272,14
../03_mini_VOC2012/train_images/2011_006998.jpg 131,1,456,298,14
../03_mini_VOC2012/train_images/2011_007022.jpg 103,37,225,300,14
../03_mini_VOC2012/train_images/2011_007070.jpg 158,1,500,375,14
../03_mini_VOC2012/train_images/2011_007096.jpg 68,78,250,500,14
../03_mini_VOC2012/train_images/2011_007123.jpg 74,51,302,329,14
../03_mini_VOC2012/train_images/2011_007150.jpg 229,129,278,261,14
../03_mini_VOC2012/train_images/2011_007202.jpg 16,46,403,333,14
../03_mini_VOC2012/train_images/2012_000014.jpg 245,116,344,375,14 1,266,122,375,14
../03_mini_VOC2012/train_images/2012_000040.jpg 97,179,135,292,14
../03_mini_VOC2012/train_images/2012_000067.jpg 1,49,375,500,14
../03_mini_VOC2012/train_images/2012_000126.jpg 1,1,379,406,14
../03_mini_VOC2012/train_images/2012_000156.jpg 1,160,173,402,14
../03_mini_VOC2012/train_images/2012_000185.jpg 179,49,231,175,14
../03_mini_VOC2012/train_images/2012_000218.jpg 94,1,347,300,14
../03_mini_VOC2012/train_images/2012_000279.jpg 404,319,448,478,14 297,287,355,470,14 228,322,281,472,14 141,292,200,474,14
../03_mini_VOC2012/train_images/2012_000300.jpg 258,76,363,312,14
../03_mini_VOC2012/train_images/2012_000330.jpg 312,263,337,345,14
../03_mini_VOC2012/train_images/2012_000365.jpg 206,1,500,375,14 1,1,264,375,14
../03_mini_VOC2012/train_images/2012_000411.jpg 12,48,375,500,14
../03_mini_VOC2012/train_images/2012_000446.jpg 75,140,154,324,14
../03_mini_VOC2012/train_images/2012_000480.jpg 54,116,212,259,14
../03_mini_VOC2012/train_images/2012_000506.jpg 23,22,83,210,14
../03_mini_VOC2012/train_images/2012_000556.jpg 179,44,407,254,14
../03_mini_VOC2012/train_images/2012_000587.jpg 62,77,209,234,14 336,49,486,250,14
../03_mini_VOC2012/train_images/2012_000617.jpg 86,73,369,358,14
../03_mini_VOC2012/train_images/2012_000636.jpg 147,22,500,375,14
../03_mini_VOC2012/train_images/2012_000691.jpg 297,210,350,375,14
../03_mini_VOC2012/train_images/2012_000716.jpg 320,88,392,211,14 49,78,137,259,14 87,80,187,244,14
../03_mini_VOC2012/train_images/2012_000745.jpg 88,84,290,423,14
../03_mini_VOC2012/train_images/2012_000765.jpg 275,133,360,330,14 101,74,226,331,14
../03_mini_VOC2012/train_images/2012_000819.jpg 108,55,168,157,14 216,57,244,114,14 25,53,54,115,14
../03_mini_VOC2012/train_images/2012_000844.jpg 29,37,406,400,14
../03_mini_VOC2012/train_images/2012_000869.jpg 304,36,453,271,14 51,69,128,196,14 184,51,285,233,14
../03_mini_VOC2012/train_images/2012_000891.jpg 334,35,441,233,14 192,88,260,206,14 73,63,154,204,14
../03_mini_VOC2012/train_images/2012_000940.jpg 228,1,500,370,14
../03_mini_VOC2012/train_images/2012_000978.jpg 242,56,437,375,14 58,45,258,375,14
../03_mini_VOC2012/train_images/2012_000998.jpg 338,114,478,365,14
../03_mini_VOC2012/train_images/2012_001018.jpg 327,113,385,221,14 239,125,282,199,14 180,150,211,208,14
../03_mini_VOC2012/train_images/2012_001069.jpg 278,156,470,324,14
../03_mini_VOC2012/train_images/2012_001092.jpg 1,74,228,376,14
../03_mini_VOC2012/train_images/2012_001117.jpg 406,152,449,255,14 295,152,365,375,14
../03_mini_VOC2012/train_images/2012_001141.jpg 110,70,397,375,14
../03_mini_VOC2012/train_images/2012_001190.jpg 239,94,500,332,14
../03_mini_VOC2012/train_images/2012_001216.jpg 130,42,434,346,14
../03_mini_VOC2012/train_images/2012_001242.jpg 167,203,229,313,14 130,209,171,286,14
../03_mini_VOC2012/train_images/2012_001265.jpg 34,110,97,280,14
../03_mini_VOC2012/train_images/2012_001319.jpg 196,75,347,221,14 50,109,238,273,14
../03_mini_VOC2012/train_images/2012_001347.jpg 147,82,246,229,14 298,115,395,232,14
../03_mini_VOC2012/train_images/2012_001374.jpg 154,42,255,211,14
../03_mini_VOC2012/train_images/2012_001393.jpg 164,8,319,500,14 37,35,213,469,14
../03_mini_VOC2012/train_images/2012_001438.jpg 220,1,499,288,14
../03_mini_VOC2012/train_images/2012_001469.jpg 75,45,301,338,14
../03_mini_VOC2012/train_images/2012_001498.jpg 190,9,351,332,14 430,54,483,204,14
../03_mini_VOC2012/train_images/2012_001520.jpg 411,216,493,311,14
../03_mini_VOC2012/train_images/2012_001583.jpg 1,253,113,500,14
../03_mini_VOC2012/train_images/2012_001610.jpg 290,145,435,247,14
../03_mini_VOC2012/train_images/2012_001633.jpg 192,106,271,186,14 301,111,388,200,14
../03_mini_VOC2012/train_images/2012_001655.jpg 264,240,301,346,14 105,235,126,309,14
../03_mini_VOC2012/train_images/2012_001690.jpg 129,86,326,328,14
../03_mini_VOC2012/train_images/2012_001718.jpg 368,201,434,339,14
../03_mini_VOC2012/train_images/2012_001747.jpg 36,1,377,375,14
../03_mini_VOC2012/train_images/2012_001775.jpg 88,114,227,360,14
../03_mini_VOC2012/train_images/2012_001845.jpg 192,97,316,375,14
../03_mini_VOC2012/train_images/2012_001872.jpg 1,45,186,333,14
../03_mini_VOC2012/train_images/2012_001905.jpg 209,179,283,375,14 324,195,361,288,14 71,196,129,375,14
../03_mini_VOC2012/train_images/2012_001929.jpg 75,5,472,375,14
../03_mini_VOC2012/train_images/2012_001983.jpg 235,142,258,195,14
../03_mini_VOC2012/train_images/2012_002008.jpg 178,121,285,447,14
../03_mini_VOC2012/train_images/2012_002036.jpg 408,74,481,275,14 216,70,309,297,14 80,57,102,114,14 344,57,360,101,14
../03_mini_VOC2012/train_images/2012_002064.jpg 1,31,238,338,14
../03_mini_VOC2012/train_images/2012_002117.jpg 40,34,238,229,14
../03_mini_VOC2012/train_images/2012_002138.jpg 101,72,426,375,14
../03_mini_VOC2012/train_images/2012_002158.jpg 165,203,279,375,14 56,110,113,190,14 428,90,493,262,14
../03_mini_VOC2012/train_images/2012_002180.jpg 223,138,374,308,14
../03_mini_VOC2012/train_images/2012_002233.jpg 83,203,197,393,14 190,219,277,311,14 55,229,79,303,14
../03_mini_VOC2012/train_images/2012_002255.jpg 184,208,195,227,14
../03_mini_VOC2012/train_images/2012_002279.jpg 1,81,132,283,14 115,32,188,121,14 349,57,499,288,14 322,39,429,143,14
../03_mini_VOC2012/train_images/2012_002300.jpg 147,8,428,375,14
../03_mini_VOC2012/train_images/2012_002337.jpg 118,4,249,261,14
../03_mini_VOC2012/train_images/2012_002359.jpg 111,142,298,351,14
../03_mini_VOC2012/train_images/2012_002384.jpg 44,182,231,471,14
../03_mini_VOC2012/train_images/2012_002409.jpg 1,1,282,333,14
../03_mini_VOC2012/train_images/2012_002449.jpg 403,144,485,286,14 7,141,112,300,14
../03_mini_VOC2012/train_images/2012_002479.jpg 156,40,350,336,14
../03_mini_VOC2012/train_images/2012_002509.jpg 185,57,409,336,14 43,52,269,325,14
../03_mini_VOC2012/train_images/2012_002535.jpg 161,121,243,297,14
